0 0.00850932 0 
0 0.0435715 0 
0 0.101672 0 
0 0.174978 0 
0 0.253593 0 
0 0.3269 0 
0 0.385 0 
0 0.420062 0 
0 0.437081 0 
0 0.472143 0 
0 0.530243 0 
0 0.60355 0 
0 0.682165 0 
0 0.755471 0 
0 0.813571 0 
0 0.848634 0 
0 0.865652 0 
0 0.900714 0 
0 0.958814 0 
0 1.03212 0 
0 1.11074 0 
0 1.18404 0 
0 1.24214 0 
0 1.2772 0 
0 1.29422 0 
0 1.32929 0 
0 1.38739 0 
0 1.46069 0 
0 1.53931 0 
0 1.61261 0 
0 1.67071 0 
0 1.70578 0 
0 1.7228 0 
0 1.75786 0 
0 1.81596 0 
0 1.88926 0 
0 1.96788 0 
0 2.04119 0 
0 2.09929 0 
0 2.13435 0 
0 2.15137 0 
0 2.18643 0 
0 2.24453 0 
0 2.31784 0 
0 2.39645 0 
0 2.46976 0 
0 2.52786 0 
0 2.56292 0 
0 2.57994 0 
0 2.615 0 
0 2.6731 0 
0 2.74641 0 
0 2.82502 0 
0 2.89833 0 
0 2.95643 0 
0 2.99149 0 
0.00850932 3 0 
0.0435715 3 0 
0.101672 3 0 
0.174978 3 0 
0.253593 3 0 
0.3269 3 0 
0.385 3 0 
0.420062 3 0 
0.437081 3 0 
0.472143 3 0 
0.530243 3 0 
0.60355 3 0 
0.682165 3 0 
0.755471 3 0 
0.813571 3 0 
0.848634 3 0 
0.865652 3 0 
0.900714 3 0 
0.958814 3 0 
1.03212 3 0 
1.11074 3 0 
1.18404 3 0 
1.24214 3 0 
1.2772 3 0 
1.29422 3 0 
1.32929 3 0 
1.38739 3 0 
1.46069 3 0 
1.53931 3 0 
1.61261 3 0 
1.67071 3 0 
1.70578 3 0 
1.7228 3 0 
1.75786 3 0 
1.81596 3 0 
1.88926 3 0 
1.96788 3 0 
2.04119 3 0 
2.09929 3 0 
2.13435 3 0 
2.15137 3 0 
2.18643 3 0 
2.24453 3 0 
2.31784 3 0 
2.39645 3 0 
2.46976 3 0 
2.52786 3 0 
2.56292 3 0 
2.57994 3 0 
2.615 3 0 
2.6731 3 0 
2.74641 3 0 
2.82502 3 0 
2.89833 3 0 
2.95643 3 0 
2.99149 3 0 
3 2.99149 0 
3 2.95643 0 
3 2.89833 0 
3 2.82502 0 
3 2.74641 0 
3 2.6731 0 
3 2.615 0 
3 2.57994 0 
3 2.56292 0 
3 2.52786 0 
3 2.46976 0 
3 2.39645 0 
3 2.31784 0 
3 2.24453 0 
3 2.18643 0 
3 2.15137 0 
3 2.13435 0 
3 2.09929 0 
3 2.04119 0 
3 1.96788 0 
3 1.88926 0 
3 1.81596 0 
3 1.75786 0 
3 1.7228 0 
3 1.70578 0 
3 1.67071 0 
3 1.61261 0 
3 1.53931 0 
3 1.46069 0 
3 1.38739 0 
3 1.32929 0 
3 1.29422 0 
3 1.2772 0 
3 1.24214 0 
3 1.18404 0 
3 1.11074 0 
3 1.03212 0 
3 0.958814 0 
3 0.900714 0 
3 0.865652 0 
3 0.848634 0 
3 0.813571 0 
3 0.755471 0 
3 0.682165 0 
3 0.60355 0 
3 0.530243 0 
3 0.472143 0 
3 0.437081 0 
3 0.420062 0 
3 0.385 0 
3 0.3269 0 
3 0.253593 0 
3 0.174978 0 
3 0.101672 0 
3 0.0435715 0 
3 0.00850932 0 
2.99149 0 0 
2.95643 0 0 
2.89833 0 0 
2.82502 0 0 
2.74641 0 0 
2.6731 0 0 
2.615 0 0 
2.57994 0 0 
2.56292 0 0 
2.52786 0 0 
2.46976 0 0 
2.39645 0 0 
2.31784 0 0 
2.24453 0 0 
2.18643 0 0 
2.15137 0 0 
2.13435 0 0 
2.09929 0 0 
2.04119 0 0 
1.96788 0 0 
1.88926 0 0 
1.81596 0 0 
1.75786 0 0 
1.7228 0 0 
1.70578 0 0 
1.67071 0 0 
1.61261 0 0 
1.53931 0 0 
1.46069 0 0 
1.38739 0 0 
1.32929 0 0 
1.29422 0 0 
1.2772 0 0 
1.24214 0 0 
1.18404 0 0 
1.11074 0 0 
1.03212 0 0 
0.958814 0 0 
0.900714 0 0 
0.865652 0 0 
0.848634 0 0 
0.813571 0 0 
0.755471 0 0 
0.682165 0 0 
0.60355 0 0 
0.530243 0 0 
0.472143 0 0 
0.437081 0 0 
0.420062 0 0 
0.385 0 0 
0.3269 0 0 
0.253593 0 0 
0.174978 0 0 
0.101672 0 0 
0.0435715 0 0 
0.00850932 0 0 
