0.0297565 0.0297565 0 
0.141433 0.0297565 0 
0.287139 0.0297565 0 
0.398815 0.0297565 0 
0.0297565 0.141433 0 
0.141433 0.141433 0 
0.287139 0.141433 0 
0.398815 0.141433 0 
0.0297565 0.287139 0 
0.141433 0.287139 0 
0.287139 0.287139 0 
0.398815 0.287139 0 
0.0297565 0.398815 0 
0.141433 0.398815 0 
0.287139 0.398815 0 
0.398815 0.398815 0 
0.458328 0.0297565 0 
0.570004 0.0297565 0 
0.71571 0.0297565 0 
0.827386 0.0297565 0 
0.458328 0.141433 0 
0.570004 0.141433 0 
0.71571 0.141433 0 
0.827386 0.141433 0 
0.458328 0.287139 0 
0.570004 0.287139 0 
0.71571 0.287139 0 
0.827386 0.287139 0 
0.458328 0.398815 0 
0.570004 0.398815 0 
0.71571 0.398815 0 
0.827386 0.398815 0 
0.886899 0.0297565 0 
0.998575 0.0297565 0 
1.14428 0.0297565 0 
1.25596 0.0297565 0 
0.886899 0.141433 0 
0.998575 0.141433 0 
1.14428 0.141433 0 
1.25596 0.141433 0 
0.886899 0.287139 0 
0.998575 0.287139 0 
1.14428 0.287139 0 
1.25596 0.287139 0 
0.886899 0.398815 0 
0.998575 0.398815 0 
1.14428 0.398815 0 
1.25596 0.398815 0 
1.31547 0.0297565 0 
1.42715 0.0297565 0 
1.57285 0.0297565 0 
1.68453 0.0297565 0 
1.31547 0.141433 0 
1.42715 0.141433 0 
1.57285 0.141433 0 
1.68453 0.141433 0 
1.31547 0.287139 0 
1.42715 0.287139 0 
1.57285 0.287139 0 
1.68453 0.287139 0 
1.31547 0.398815 0 
1.42715 0.398815 0 
1.57285 0.398815 0 
1.68453 0.398815 0 
1.74404 0.0297565 0 
1.85572 0.0297565 0 
2.00142 0.0297565 0 
2.1131 0.0297565 0 
1.74404 0.141433 0 
1.85572 0.141433 0 
2.00142 0.141433 0 
2.1131 0.141433 0 
1.74404 0.287139 0 
1.85572 0.287139 0 
2.00142 0.287139 0 
2.1131 0.287139 0 
1.74404 0.398815 0 
1.85572 0.398815 0 
2.00142 0.398815 0 
2.1131 0.398815 0 
2.17261 0.0297565 0 
2.28429 0.0297565 0 
2.43 0.0297565 0 
2.54167 0.0297565 0 
2.17261 0.141433 0 
2.28429 0.141433 0 
2.43 0.141433 0 
2.54167 0.141433 0 
2.17261 0.287139 0 
2.28429 0.287139 0 
2.43 0.287139 0 
2.54167 0.287139 0 
2.17261 0.398815 0 
2.28429 0.398815 0 
2.43 0.398815 0 
2.54167 0.398815 0 
2.60119 0.0297565 0 
2.71286 0.0297565 0 
2.85857 0.0297565 0 
2.97024 0.0297565 0 
2.60119 0.141433 0 
2.71286 0.141433 0 
2.85857 0.141433 0 
2.97024 0.141433 0 
2.60119 0.287139 0 
2.71286 0.287139 0 
2.85857 0.287139 0 
2.97024 0.287139 0 
2.60119 0.398815 0 
2.71286 0.398815 0 
2.85857 0.398815 0 
2.97024 0.398815 0 
0.0297565 0.458328 0 
0.141433 0.458328 0 
0.287139 0.458328 0 
0.398815 0.458328 0 
0.0297565 0.570004 0 
0.141433 0.570004 0 
0.287139 0.570004 0 
0.398815 0.570004 0 
0.0297565 0.71571 0 
0.141433 0.71571 0 
0.287139 0.71571 0 
0.398815 0.71571 0 
0.0297565 0.827386 0 
0.141433 0.827386 0 
0.287139 0.827386 0 
0.398815 0.827386 0 
0.458328 0.458328 0 
0.570004 0.458328 0 
0.71571 0.458328 0 
0.827386 0.458328 0 
0.458328 0.570004 0 
0.570004 0.570004 0 
0.71571 0.570004 0 
0.827386 0.570004 0 
0.458328 0.71571 0 
0.570004 0.71571 0 
0.71571 0.71571 0 
0.827386 0.71571 0 
0.458328 0.827386 0 
0.570004 0.827386 0 
0.71571 0.827386 0 
0.827386 0.827386 0 
0.886899 0.458328 0 
0.998575 0.458328 0 
1.14428 0.458328 0 
1.25596 0.458328 0 
0.886899 0.570004 0 
0.998575 0.570004 0 
1.14428 0.570004 0 
1.25596 0.570004 0 
0.886899 0.71571 0 
0.998575 0.71571 0 
1.14428 0.71571 0 
1.25596 0.71571 0 
0.886899 0.827386 0 
0.998575 0.827386 0 
1.14428 0.827386 0 
1.25596 0.827386 0 
1.31547 0.458328 0 
1.42715 0.458328 0 
1.57285 0.458328 0 
1.68453 0.458328 0 
1.31547 0.570004 0 
1.42715 0.570004 0 
1.57285 0.570004 0 
1.68453 0.570004 0 
1.31547 0.71571 0 
1.42715 0.71571 0 
1.57285 0.71571 0 
1.68453 0.71571 0 
1.31547 0.827386 0 
1.42715 0.827386 0 
1.57285 0.827386 0 
1.68453 0.827386 0 
1.74404 0.458328 0 
1.85572 0.458328 0 
2.00142 0.458328 0 
2.1131 0.458328 0 
1.74404 0.570004 0 
1.85572 0.570004 0 
2.00142 0.570004 0 
2.1131 0.570004 0 
1.74404 0.71571 0 
1.85572 0.71571 0 
2.00142 0.71571 0 
2.1131 0.71571 0 
1.74404 0.827386 0 
1.85572 0.827386 0 
2.00142 0.827386 0 
2.1131 0.827386 0 
2.17261 0.458328 0 
2.28429 0.458328 0 
2.43 0.458328 0 
2.54167 0.458328 0 
2.17261 0.570004 0 
2.28429 0.570004 0 
2.43 0.570004 0 
2.54167 0.570004 0 
2.17261 0.71571 0 
2.28429 0.71571 0 
2.43 0.71571 0 
2.54167 0.71571 0 
2.17261 0.827386 0 
2.28429 0.827386 0 
2.43 0.827386 0 
2.54167 0.827386 0 
2.60119 0.458328 0 
2.71286 0.458328 0 
2.85857 0.458328 0 
2.97024 0.458328 0 
2.60119 0.570004 0 
2.71286 0.570004 0 
2.85857 0.570004 0 
2.97024 0.570004 0 
2.60119 0.71571 0 
2.71286 0.71571 0 
2.85857 0.71571 0 
2.97024 0.71571 0 
2.60119 0.827386 0 
2.71286 0.827386 0 
2.85857 0.827386 0 
2.97024 0.827386 0 
0.0297565 0.886899 0 
0.141433 0.886899 0 
0.287139 0.886899 0 
0.398815 0.886899 0 
0.0297565 0.998575 0 
0.141433 0.998575 0 
0.287139 0.998575 0 
0.398815 0.998575 0 
0.0297565 1.14428 0 
0.141433 1.14428 0 
0.287139 1.14428 0 
0.398815 1.14428 0 
0.0297565 1.25596 0 
0.141433 1.25596 0 
0.287139 1.25596 0 
0.398815 1.25596 0 
0.458328 0.886899 0 
0.570004 0.886899 0 
0.71571 0.886899 0 
0.827386 0.886899 0 
0.458328 0.998575 0 
0.570004 0.998575 0 
0.71571 0.998575 0 
0.827386 0.998575 0 
0.458328 1.14428 0 
0.570004 1.14428 0 
0.71571 1.14428 0 
0.827386 1.14428 0 
0.458328 1.25596 0 
0.570004 1.25596 0 
0.71571 1.25596 0 
0.827386 1.25596 0 
0.886899 0.886899 0 
0.998575 0.886899 0 
1.14428 0.886899 0 
1.25596 0.886899 0 
0.886899 0.998575 0 
0.998575 0.998575 0 
1.14428 0.998575 0 
1.25596 0.998575 0 
0.886899 1.14428 0 
0.998575 1.14428 0 
1.14428 1.14428 0 
1.25596 1.14428 0 
0.886899 1.25596 0 
0.998575 1.25596 0 
1.14428 1.25596 0 
1.25596 1.25596 0 
1.31547 0.886899 0 
1.42715 0.886899 0 
1.57285 0.886899 0 
1.68453 0.886899 0 
1.31547 0.998575 0 
1.42715 0.998575 0 
1.57285 0.998575 0 
1.68453 0.998575 0 
1.31547 1.14428 0 
1.42715 1.14428 0 
1.57285 1.14428 0 
1.68453 1.14428 0 
1.31547 1.25596 0 
1.42715 1.25596 0 
1.57285 1.25596 0 
1.68453 1.25596 0 
1.74404 0.886899 0 
1.85572 0.886899 0 
2.00142 0.886899 0 
2.1131 0.886899 0 
1.74404 0.998575 0 
1.85572 0.998575 0 
2.00142 0.998575 0 
2.1131 0.998575 0 
1.74404 1.14428 0 
1.85572 1.14428 0 
2.00142 1.14428 0 
2.1131 1.14428 0 
1.74404 1.25596 0 
1.85572 1.25596 0 
2.00142 1.25596 0 
2.1131 1.25596 0 
2.17261 0.886899 0 
2.28429 0.886899 0 
2.43 0.886899 0 
2.54167 0.886899 0 
2.17261 0.998575 0 
2.28429 0.998575 0 
2.43 0.998575 0 
2.54167 0.998575 0 
2.17261 1.14428 0 
2.28429 1.14428 0 
2.43 1.14428 0 
2.54167 1.14428 0 
2.17261 1.25596 0 
2.28429 1.25596 0 
2.43 1.25596 0 
2.54167 1.25596 0 
2.60119 0.886899 0 
2.71286 0.886899 0 
2.85857 0.886899 0 
2.97024 0.886899 0 
2.60119 0.998575 0 
2.71286 0.998575 0 
2.85857 0.998575 0 
2.97024 0.998575 0 
2.60119 1.14428 0 
2.71286 1.14428 0 
2.85857 1.14428 0 
2.97024 1.14428 0 
2.60119 1.25596 0 
2.71286 1.25596 0 
2.85857 1.25596 0 
2.97024 1.25596 0 
0.0297565 1.31547 0 
0.141433 1.31547 0 
0.287139 1.31547 0 
0.398815 1.31547 0 
0.0297565 1.42715 0 
0.141433 1.42715 0 
0.287139 1.42715 0 
0.398815 1.42715 0 
0.0297565 1.57285 0 
0.141433 1.57285 0 
0.287139 1.57285 0 
0.398815 1.57285 0 
0.0297565 1.68453 0 
0.141433 1.68453 0 
0.287139 1.68453 0 
0.398815 1.68453 0 
0.458328 1.31547 0 
0.570004 1.31547 0 
0.71571 1.31547 0 
0.827386 1.31547 0 
0.458328 1.42715 0 
0.570004 1.42715 0 
0.71571 1.42715 0 
0.827386 1.42715 0 
0.458328 1.57285 0 
0.570004 1.57285 0 
0.71571 1.57285 0 
0.827386 1.57285 0 
0.458328 1.68453 0 
0.570004 1.68453 0 
0.71571 1.68453 0 
0.827386 1.68453 0 
0.886899 1.31547 0 
0.998575 1.31547 0 
1.14428 1.31547 0 
1.25596 1.31547 0 
0.886899 1.42715 0 
0.998575 1.42715 0 
1.14428 1.42715 0 
1.25596 1.42715 0 
0.886899 1.57285 0 
0.998575 1.57285 0 
1.14428 1.57285 0 
1.25596 1.57285 0 
0.886899 1.68453 0 
0.998575 1.68453 0 
1.14428 1.68453 0 
1.25596 1.68453 0 
1.31547 1.31547 0 
1.42715 1.31547 0 
1.57285 1.31547 0 
1.68453 1.31547 0 
1.31547 1.42715 0 
1.42715 1.42715 0 
1.57285 1.42715 0 
1.68453 1.42715 0 
1.31547 1.57285 0 
1.42715 1.57285 0 
1.57285 1.57285 0 
1.68453 1.57285 0 
1.31547 1.68453 0 
1.42715 1.68453 0 
1.57285 1.68453 0 
1.68453 1.68453 0 
1.74404 1.31547 0 
1.85572 1.31547 0 
2.00142 1.31547 0 
2.1131 1.31547 0 
1.74404 1.42715 0 
1.85572 1.42715 0 
2.00142 1.42715 0 
2.1131 1.42715 0 
1.74404 1.57285 0 
1.85572 1.57285 0 
2.00142 1.57285 0 
2.1131 1.57285 0 
1.74404 1.68453 0 
1.85572 1.68453 0 
2.00142 1.68453 0 
2.1131 1.68453 0 
2.17261 1.31547 0 
2.28429 1.31547 0 
2.43 1.31547 0 
2.54167 1.31547 0 
2.17261 1.42715 0 
2.28429 1.42715 0 
2.43 1.42715 0 
2.54167 1.42715 0 
2.17261 1.57285 0 
2.28429 1.57285 0 
2.43 1.57285 0 
2.54167 1.57285 0 
2.17261 1.68453 0 
2.28429 1.68453 0 
2.43 1.68453 0 
2.54167 1.68453 0 
2.60119 1.31547 0 
2.71286 1.31547 0 
2.85857 1.31547 0 
2.97024 1.31547 0 
2.60119 1.42715 0 
2.71286 1.42715 0 
2.85857 1.42715 0 
2.97024 1.42715 0 
2.60119 1.57285 0 
2.71286 1.57285 0 
2.85857 1.57285 0 
2.97024 1.57285 0 
2.60119 1.68453 0 
2.71286 1.68453 0 
2.85857 1.68453 0 
2.97024 1.68453 0 
0.0297565 1.74404 0 
0.141433 1.74404 0 
0.287139 1.74404 0 
0.398815 1.74404 0 
0.0297565 1.85572 0 
0.141433 1.85572 0 
0.287139 1.85572 0 
0.398815 1.85572 0 
0.0297565 2.00142 0 
0.141433 2.00142 0 
0.287139 2.00142 0 
0.398815 2.00142 0 
0.0297565 2.1131 0 
0.141433 2.1131 0 
0.287139 2.1131 0 
0.398815 2.1131 0 
0.458328 1.74404 0 
0.570004 1.74404 0 
0.71571 1.74404 0 
0.827386 1.74404 0 
0.458328 1.85572 0 
0.570004 1.85572 0 
0.71571 1.85572 0 
0.827386 1.85572 0 
0.458328 2.00142 0 
0.570004 2.00142 0 
0.71571 2.00142 0 
0.827386 2.00142 0 
0.458328 2.1131 0 
0.570004 2.1131 0 
0.71571 2.1131 0 
0.827386 2.1131 0 
0.886899 1.74404 0 
0.998575 1.74404 0 
1.14428 1.74404 0 
1.25596 1.74404 0 
0.886899 1.85572 0 
0.998575 1.85572 0 
1.14428 1.85572 0 
1.25596 1.85572 0 
0.886899 2.00142 0 
0.998575 2.00142 0 
1.14428 2.00142 0 
1.25596 2.00142 0 
0.886899 2.1131 0 
0.998575 2.1131 0 
1.14428 2.1131 0 
1.25596 2.1131 0 
1.31547 1.74404 0 
1.42715 1.74404 0 
1.57285 1.74404 0 
1.68453 1.74404 0 
1.31547 1.85572 0 
1.42715 1.85572 0 
1.57285 1.85572 0 
1.68453 1.85572 0 
1.31547 2.00142 0 
1.42715 2.00142 0 
1.57285 2.00142 0 
1.68453 2.00142 0 
1.31547 2.1131 0 
1.42715 2.1131 0 
1.57285 2.1131 0 
1.68453 2.1131 0 
1.74404 1.74404 0 
1.85572 1.74404 0 
2.00142 1.74404 0 
2.1131 1.74404 0 
1.74404 1.85572 0 
1.85572 1.85572 0 
2.00142 1.85572 0 
2.1131 1.85572 0 
1.74404 2.00142 0 
1.85572 2.00142 0 
2.00142 2.00142 0 
2.1131 2.00142 0 
1.74404 2.1131 0 
1.85572 2.1131 0 
2.00142 2.1131 0 
2.1131 2.1131 0 
2.17261 1.74404 0 
2.28429 1.74404 0 
2.43 1.74404 0 
2.54167 1.74404 0 
2.17261 1.85572 0 
2.28429 1.85572 0 
2.43 1.85572 0 
2.54167 1.85572 0 
2.17261 2.00142 0 
2.28429 2.00142 0 
2.43 2.00142 0 
2.54167 2.00142 0 
2.17261 2.1131 0 
2.28429 2.1131 0 
2.43 2.1131 0 
2.54167 2.1131 0 
2.60119 1.74404 0 
2.71286 1.74404 0 
2.85857 1.74404 0 
2.97024 1.74404 0 
2.60119 1.85572 0 
2.71286 1.85572 0 
2.85857 1.85572 0 
2.97024 1.85572 0 
2.60119 2.00142 0 
2.71286 2.00142 0 
2.85857 2.00142 0 
2.97024 2.00142 0 
2.60119 2.1131 0 
2.71286 2.1131 0 
2.85857 2.1131 0 
2.97024 2.1131 0 
0.0297565 2.17261 0 
0.141433 2.17261 0 
0.287139 2.17261 0 
0.398815 2.17261 0 
0.0297565 2.28429 0 
0.141433 2.28429 0 
0.287139 2.28429 0 
0.398815 2.28429 0 
0.0297565 2.43 0 
0.141433 2.43 0 
0.287139 2.43 0 
0.398815 2.43 0 
0.0297565 2.54167 0 
0.141433 2.54167 0 
0.287139 2.54167 0 
0.398815 2.54167 0 
0.458328 2.17261 0 
0.570004 2.17261 0 
0.71571 2.17261 0 
0.827386 2.17261 0 
0.458328 2.28429 0 
0.570004 2.28429 0 
0.71571 2.28429 0 
0.827386 2.28429 0 
0.458328 2.43 0 
0.570004 2.43 0 
0.71571 2.43 0 
0.827386 2.43 0 
0.458328 2.54167 0 
0.570004 2.54167 0 
0.71571 2.54167 0 
0.827386 2.54167 0 
0.886899 2.17261 0 
0.998575 2.17261 0 
1.14428 2.17261 0 
1.25596 2.17261 0 
0.886899 2.28429 0 
0.998575 2.28429 0 
1.14428 2.28429 0 
1.25596 2.28429 0 
0.886899 2.43 0 
0.998575 2.43 0 
1.14428 2.43 0 
1.25596 2.43 0 
0.886899 2.54167 0 
0.998575 2.54167 0 
1.14428 2.54167 0 
1.25596 2.54167 0 
1.31547 2.17261 0 
1.42715 2.17261 0 
1.57285 2.17261 0 
1.68453 2.17261 0 
1.31547 2.28429 0 
1.42715 2.28429 0 
1.57285 2.28429 0 
1.68453 2.28429 0 
1.31547 2.43 0 
1.42715 2.43 0 
1.57285 2.43 0 
1.68453 2.43 0 
1.31547 2.54167 0 
1.42715 2.54167 0 
1.57285 2.54167 0 
1.68453 2.54167 0 
1.74404 2.17261 0 
1.85572 2.17261 0 
2.00142 2.17261 0 
2.1131 2.17261 0 
1.74404 2.28429 0 
1.85572 2.28429 0 
2.00142 2.28429 0 
2.1131 2.28429 0 
1.74404 2.43 0 
1.85572 2.43 0 
2.00142 2.43 0 
2.1131 2.43 0 
1.74404 2.54167 0 
1.85572 2.54167 0 
2.00142 2.54167 0 
2.1131 2.54167 0 
2.17261 2.17261 0 
2.28429 2.17261 0 
2.43 2.17261 0 
2.54167 2.17261 0 
2.17261 2.28429 0 
2.28429 2.28429 0 
2.43 2.28429 0 
2.54167 2.28429 0 
2.17261 2.43 0 
2.28429 2.43 0 
2.43 2.43 0 
2.54167 2.43 0 
2.17261 2.54167 0 
2.28429 2.54167 0 
2.43 2.54167 0 
2.54167 2.54167 0 
2.60119 2.17261 0 
2.71286 2.17261 0 
2.85857 2.17261 0 
2.97024 2.17261 0 
2.60119 2.28429 0 
2.71286 2.28429 0 
2.85857 2.28429 0 
2.97024 2.28429 0 
2.60119 2.43 0 
2.71286 2.43 0 
2.85857 2.43 0 
2.97024 2.43 0 
2.60119 2.54167 0 
2.71286 2.54167 0 
2.85857 2.54167 0 
2.97024 2.54167 0 
0.0297565 2.60119 0 
0.141433 2.60119 0 
0.287139 2.60119 0 
0.398815 2.60119 0 
0.0297565 2.71286 0 
0.141433 2.71286 0 
0.287139 2.71286 0 
0.398815 2.71286 0 
0.0297565 2.85857 0 
0.141433 2.85857 0 
0.287139 2.85857 0 
0.398815 2.85857 0 
0.0297565 2.97024 0 
0.141433 2.97024 0 
0.287139 2.97024 0 
0.398815 2.97024 0 
0.458328 2.60119 0 
0.570004 2.60119 0 
0.71571 2.60119 0 
0.827386 2.60119 0 
0.458328 2.71286 0 
0.570004 2.71286 0 
0.71571 2.71286 0 
0.827386 2.71286 0 
0.458328 2.85857 0 
0.570004 2.85857 0 
0.71571 2.85857 0 
0.827386 2.85857 0 
0.458328 2.97024 0 
0.570004 2.97024 0 
0.71571 2.97024 0 
0.827386 2.97024 0 
0.886899 2.60119 0 
0.998575 2.60119 0 
1.14428 2.60119 0 
1.25596 2.60119 0 
0.886899 2.71286 0 
0.998575 2.71286 0 
1.14428 2.71286 0 
1.25596 2.71286 0 
0.886899 2.85857 0 
0.998575 2.85857 0 
1.14428 2.85857 0 
1.25596 2.85857 0 
0.886899 2.97024 0 
0.998575 2.97024 0 
1.14428 2.97024 0 
1.25596 2.97024 0 
1.31547 2.60119 0 
1.42715 2.60119 0 
1.57285 2.60119 0 
1.68453 2.60119 0 
1.31547 2.71286 0 
1.42715 2.71286 0 
1.57285 2.71286 0 
1.68453 2.71286 0 
1.31547 2.85857 0 
1.42715 2.85857 0 
1.57285 2.85857 0 
1.68453 2.85857 0 
1.31547 2.97024 0 
1.42715 2.97024 0 
1.57285 2.97024 0 
1.68453 2.97024 0 
1.74404 2.60119 0 
1.85572 2.60119 0 
2.00142 2.60119 0 
2.1131 2.60119 0 
1.74404 2.71286 0 
1.85572 2.71286 0 
2.00142 2.71286 0 
2.1131 2.71286 0 
1.74404 2.85857 0 
1.85572 2.85857 0 
2.00142 2.85857 0 
2.1131 2.85857 0 
1.74404 2.97024 0 
1.85572 2.97024 0 
2.00142 2.97024 0 
2.1131 2.97024 0 
2.17261 2.60119 0 
2.28429 2.60119 0 
2.43 2.60119 0 
2.54167 2.60119 0 
2.17261 2.71286 0 
2.28429 2.71286 0 
2.43 2.71286 0 
2.54167 2.71286 0 
2.17261 2.85857 0 
2.28429 2.85857 0 
2.43 2.85857 0 
2.54167 2.85857 0 
2.17261 2.97024 0 
2.28429 2.97024 0 
2.43 2.97024 0 
2.54167 2.97024 0 
2.60119 2.60119 0 
2.71286 2.60119 0 
2.85857 2.60119 0 
2.97024 2.60119 0 
2.60119 2.71286 0 
2.71286 2.71286 0 
2.85857 2.71286 0 
2.97024 2.71286 0 
2.60119 2.85857 0 
2.71286 2.85857 0 
2.85857 2.85857 0 
2.97024 2.85857 0 
2.60119 2.97024 0 
2.71286 2.97024 0 
2.85857 2.97024 0 
2.97024 2.97024 0 
