0.0266666667 298.14999999049587
0.0264661654 298.1499999905014
0.0262656642 298.1499999905315
0.0260651629 298.14999999026423
0.0258646617 298.1499999897063
0.0256641604 298.1499999888812
0.0254636591 298.1499999882127
0.0252631579 298.14999998808867
0.0250626566 298.14999998670345
0.0248621554 298.1499999856103
0.0246616541 298.14999998358087
0.0244611529 298.1499999837548
0.0242606516 298.1499999821992
0.0240601504 298.1499999816769
0.0238596491 298.14999998476605
0.0236591479 298.149999989483
0.0234586466 298.15000000224387
0.0232581454 298.1500000297832
0.0230576441 298.150000062796
0.0228571429 298.1500001089615
0.0226566416 298.150000191054
0.0224561404 298.150000309023
0.0222556391 298.1500005054804
0.0220551378 298.1500007921657
0.0218546366 298.1500012678615
0.0216541353 298.15000197571914
0.0214536341 298.1500030754189
0.0212531328 298.1500048280739
0.0210526316 298.15000738295845
0.0208521303 298.1500113189597
0.0206516291 298.1500171482743
0.0204511278 298.1500259594685
0.0202506266 298.1500394328944
0.0200501253 298.15005944301413
0.0198496241 298.1500896306205
0.0196491228 298.15013505373867
0.0194486216 298.15020284640116
0.0192481203 298.15030489077645
0.019047619 298.15045714543237
0.0188471178 298.150685050874
0.0186466165 298.1510264749309
0.0184461153 298.1515361470246
0.018245614 298.15229795064056
0.0180451128 298.1534347686891
0.0178446115 298.1551324763109
0.0176441103 298.15766850647367
0.017443609 298.1614467609531
0.0172431078 298.16708218823004
0.0170426065 298.1754834979073
0.0168421053 298.18800496736276
0.016641604 298.2066573622618
0.0164411028 298.23443924972344
0.0162406015 298.27580987201
0.0160401003 298.33740040121194
0.015839599 298.4290716883344
0.0156390977 298.5653802423843
0.0154385965 298.76810089476777
0.0152380952 299.069511679229
0.015037594 299.5174632462457
0.0148370927 300.18310869666976
0.0146365915 301.17172523101414
0.0144360902 302.6394315950561
0.014235589 304.8176290510468
0.0140350877 308.04903126745546
0.0138345865 312.84107067697107
0.0136340852 319.94485767015584
0.013433584 330.4717926289568
0.0132330827 346.06599575462064
0.0130325815 369.1591985209134
0.0128320802 403.3479103061125
0.0126315789 453.9505999889634
0.0124310777 528.8315353661519
0.0122305764 639.6356165140702
0.0120300752 803.579366207277
0.0118295739 1046.1300483789146
0.0116290727 1405.0071620445492
0.0114285714 1936.1072082016674
0.0112280702 2722.3171160840725
0.0110275689 3886.6473028303208
0.0108270677 5611.827171778417
0.0106265664 8169.5988484068275
0.0104260652 11964.47758340186
0.0102255639 17599.223785070666
0.0100250627 25972.791391785697
0.0098245614 38426.972992937175
0.0096240602 56965.74142727795
0.0094235589 84583.3778622602
0.0092230576 125754.78274315629
0.0090225564 187167.97288289003
0.0088220551 278817.82385811175
0.0086215539 419834.9168573342
0.0084210526 626735.8256841066
0.0082205514 935679.8618874775
0.0080200501 1396999.7729324726
0.0078195489 2085856.4013390592
0.0076190476 3114489.849128748
0.0074185464 4650508.791576773
0.0072180451 6944211.782014802
0.0070175439 10369373.726721471
0.0068170426 15484173.52185378
0.0066165414 23122148.030447576
0.0064160401 34532276.98468929
0.0062155388 51567565.64301787
0.0060150376 77006681.35204752
0.0058145363 114995432.79327923
0.0056140351 171724762.08149526
0.0054135338 256439851.85549694
0.0052130326 382946549.63566625
0.0050125313 571861685.462012
0.0048120301 853972410.836463
0.0046115288 1275254425.0466988
0.0044110276 1904363326.6426783
0.0042105263 2843829510.053889
0.0040100251 4246749698.571461
0.0038095238 6341760914.31678
0.0036090226 9470283548.621462
0.0034085213 14142174423.674452
0.0032080201 21118803609.530357
0.0030075188 31537155701.26998
0.0028070175 47095101173.66396
0.0026065163 70328096080.2805
0.002406015 105022432776.21475
0.0022055138 156832188163.96457
0.0020050125 234200827053.65067
0.0018045113 349736978556.847
0.00160401 522269627264.1231
0.0014035088 779916124855.9222
0.0012030075 1164665245207.5354
0.0010025063 1739218896663.4116
0.000802005 2597212364685.216
0.0006015038 3878471382319.11
0.0004010025 5791803349122.076
0.0002005013 8649020714477.6455
0.0 12915765569343.049
