0.0 -0.006421964579705647
0.00025037451423669314 -0.006420777438822399
0.0005007490284733863 -0.006417216016172659
0.0007511235427100794 -0.006411280311756425
0.0010014980569467726 -0.0064029703255736965
0.0012518725711834658 -0.006392286057624475
0.0015022470854201588 -0.006379227507908761
0.001752621599656852 -0.006363794676426552
0.002002996113893545 -0.006345987563177851
0.002253370628130238 -0.006325806168162654
0.0025037451423669315 -0.006303250491380965
0.0027541196566036245 -0.006278320532832782
0.0030044941708403175 -0.006251016292518105
0.003254868685077011 -0.006221337770436934
0.003505243199313704 -0.006189284966589271
0.0037556177135503973 -0.006154857880975113
0.00400599222778709 -0.0061180565135944606
0.004256366742023784 -0.006078880864447317
0.004506741256260476 -0.006037330933533678
0.00475711577049717 -0.005993406720853545
0.005007490284733863 -0.0059471082264069206
0.005257864798970556 -0.005898435450193801
0.005508239313207249 -0.0058473883922141884
0.0057586138274439425 -0.005793967052468081
0.006008988341680635 -0.005738171430955481
0.006259362855917328 -0.005680001527676387
0.006509737370154022 -0.005619457342630798
0.006760111884390715 -0.005556538875818718
0.007010486398627408 -0.005491246127240144
0.007260860912864101 -0.005423579096895075
0.007511235427100795 -0.005353537784783513
0.007761609941337487 -0.005281122190905457
0.00801198445557418 -0.005206332315260908
0.008262358969810873 -0.005129168157849864
0.008512733484047567 -0.005049629718672327
0.00876310799828426 -0.004967716997728297
0.009013482512520953 -0.004883429995017774
0.009263857026757647 -0.0047967687105407554
0.00951423154099434 -0.004707733144297245
0.009764606055231032 -0.00461632329628724
0.010014980569467726 -0.004522539166510741
0.010265355083704419 -0.0044263807549677495
0.010515729597941111 -0.004327848061658264
0.010766104112177806 -0.004226941086582284
0.011016478626414498 -0.004123659829739812
0.01126685314065119 -0.004018004291130845
0.011517227654887885 -0.003909974470755384
0.011767602169124577 -0.003799570368613431
0.01201797668336127 -0.003686791984704984
0.012268351197597964 -0.003571639319030042
0.012518725711834657 -0.0034541123715886076
0.012769100226071351 -0.003334211142380679
0.013019474740308044 -0.003211935631406257
0.013269849254544736 -0.003087285838665342
0.01352022376878143 -0.0029602617641579314
0.013770598283018123 -0.002830863407884029
0.014020972797254816 -0.002699090769843633
0.01427134731149151 -0.0025649438500367425
0.014521721825728202 -0.002428422648463359
0.014772096339964895 -0.002289527165123482
0.01502247085420159 -0.0021482574000171104
0.015272845368438282 -0.002004613353144246
0.015523219882674974 -0.001858595024504888
0.01577359439691167 -0.0017102024140990353
0.01602396891114836 -0.0015594355219266899
0.016274343425385054 -0.0014062943479878512
0.016524717939621746 -0.0012507788922825186
0.016775092453858442 -0.0010928891548106906
0.017025466968095135 -0.0009326251355723713
0.017275841482331827 -0.0007699868345675578
0.01752621599656852 -0.0006049742517962504
0.017776590510805212 -0.0004375873872584495
0.018026965025041905 -0.00026782624095415564
0.0182773395392786 -9.569081288336534e-05
