0.0 -0.006430052622707191
0.00025037451423669314 -0.0064288590750050814
0.0005007490284733863 -0.006425278431898753
0.0007511235427100794 -0.006419310693388204
0.0010014980569467726 -0.006410955859473436
0.0012518725711834658 -0.00640021393015445
0.0015022470854201588 -0.006387084905431245
0.001752621599656852 -0.0063715687853038196
0.002002996113893545 -0.006353665569772175
0.002253370628130238 -0.0063333752588363105
0.0025037451423669315 -0.006310697852496229
0.0027541196566036245 -0.006285633350751926
0.0030044941708403175 -0.006258181753603405
0.003254868685077011 -0.006228343061050665
0.003505243199313704 -0.006196117273093705
0.0037556177135503973 -0.006161504389732526
0.00400599222778709 -0.006124504410967126
0.004256366742023784 -0.006085117336797509
0.004506741256260476 -0.006043343167223672
0.00475711577049717 -0.005999181902245616
0.005007490284733863 -0.005952633541863342
0.005257864798970556 -0.005903698086076847
0.005508239313207249 -0.005852375534886133
0.0057586138274439425 -0.0057986658882912
0.006008988341680635 -0.005742569146292047
0.006259362855917328 -0.005684085308888676
0.006509737370154022 -0.005623214376081084
0.006760111884390715 -0.005559956347869275
0.007010486398627408 -0.005494311224253245
0.007260860912864101 -0.005426279005232997
0.007511235427100795 -0.005355859690808529
0.007761609941337487 -0.005283053280979842
0.00801198445557418 -0.005207859775746936
0.008262358969810873 -0.005130279175109809
0.008512733484047567 -0.0050503114790684655
0.00876310799828426 -0.0049679566876229
0.009013482512520953 -0.004883214800773118
0.009263857026757647 -0.004796085818519115
0.00951423154099434 -0.0047065697408608925
0.009764606055231032 -0.004614666567798452
0.010014980569467726 -0.0045203762993317916
0.010265355083704419 -0.004423698935460912
0.010515729597941111 -0.004324634476185814
0.010766104112177806 -0.004223182921506495
0.011016478626414498 -0.0041193442714229575
0.01126685314065119 -0.004013118525935201
0.011517227654887885 -0.0039045056850432252
0.011767602169124577 -0.0037935057487470305
0.01201797668336127 -0.003680118717046616
0.012268351197597964 -0.003564344589941982
0.012518725711834657 -0.0034461833674331297
0.012769100226071351 -0.003325635049520057
0.013019474740308044 -0.003202699636202765
0.013269849254544736 -0.003077377127481256
0.01352022376878143 -0.0029496675233555243
0.013770598283018123 -0.002819570823825576
0.014020972797254816 -0.0026870870288914087
0.01427134731149151 -0.0025522161385530193
0.014521721825728202 -0.002414958152810414
0.014772096339964895 -0.0022753130716635884
0.01502247085420159 -0.002133280895112541
0.015272845368438282 -0.001988861623157278
0.015523219882674974 -0.0018420552557977944
0.01577359439691167 -0.001692861793034091
0.01602396891114836 -0.0015412812348661689
0.016274343425385054 -0.0013873135812940266
0.016524717939621746 -0.001230958832317666
0.016775092453858442 -0.0010722169879370843
0.017025466968095135 -0.000911088048152286
0.017275841482331827 -0.0007475720129632676
0.01752621599656852 -0.0005816688823700298
0.017776590510805212 -0.000413378656372573
0.018026965025041905 -0.0002427013349708984
0.0182773395392786 -6.963691816500007e-05
