0.0317542 0.887298 7.62218 
0.0317542 0.5 7.62218 
0.0317542 0.112702 7.62218 
0.625 0.887298 1 
0.625 0.5 1 
0.625 0.112702 1 
1.96825 0.887298 -3.22218 
1.96825 0.5 -3.22218 
1.96825 0.112702 -3.22218 
0.0317542 -0.112702 7.62218 
0.0317542 -0.5 7.62218 
0.0317542 -0.887298 7.62218 
0.625 -0.112702 1 
0.625 -0.5 1 
0.625 -0.887298 1 
1.96825 -0.112702 -3.22218 
1.96825 -0.5 -3.22218 
1.96825 -0.887298 -3.22218 
3.06986 0.887298 -4.65081 
3.06986 0.5 -4.65081 
3.06986 0.112702 -4.65081 
5.125 0.887298 -6.5 
5.125 0.5 -6.5 
5.125 0.112702 -6.5 
7.33014 0.887298 -7.74919 
7.33014 0.5 -7.74919 
7.33014 0.112702 -7.74919 
3.06986 -0.112702 -4.65081 
3.06986 -0.5 -4.65081 
3.06986 -0.887298 -4.65081 
5.125 -0.112702 -6.5 
5.125 -0.5 -6.5 
5.125 -0.887298 -6.5 
7.33014 -0.112702 -7.74919 
7.33014 -0.5 -7.74919 
7.33014 -0.887298 -7.74919 
8.68256 0.887298 -8.2 
8.68256 0.5 -8.2 
8.68256 0.112702 -8.2 
11.125 0.887298 -8.5 
11.125 0.5 -8.5 
11.125 0.112702 -8.5 
13.7174 0.887298 -8.2 
13.7174 0.5 -8.2 
13.7174 0.112702 -8.2 
8.68256 -0.112702 -8.2 
8.68256 -0.5 -8.2 
8.68256 -0.887298 -8.2 
11.125 -0.112702 -8.5 
11.125 -0.5 -8.5 
11.125 -0.887298 -8.5 
13.7174 -0.112702 -8.2 
13.7174 -0.5 -8.2 
13.7174 -0.887298 -8.2 
15.2445 0.887298 -7.74919 
15.2445 0.5 -7.74919 
15.2445 0.112702 -7.74919 
17.125 0.887298 -6.5 
17.125 0.5 -6.5 
17.125 0.112702 -6.5 
17.9555 0.887298 -4.65081 
17.9555 0.5 -4.65081 
17.9555 0.112702 -4.65081 
15.2445 -0.112702 -7.74919 
15.2445 -0.5 -7.74919 
15.2445 -0.887298 -7.74919 
17.125 -0.112702 -6.5 
17.125 -0.5 -6.5 
17.125 -0.887298 -6.5 
17.9555 -0.112702 -4.65081 
17.9555 -0.5 -4.65081 
17.9555 -0.887298 -4.65081 
32.7682 0.887298 -15.8412 
32.7682 0.5 -15.8412 
32.7682 0.112702 -15.8412 
31.875 0.887298 -9.875 
31.875 0.5 -9.875 
31.875 0.112702 -9.875 
30.8318 0.887298 -6.15877 
30.8318 0.5 -6.15877 
30.8318 0.112702 -6.15877 
32.7682 -0.112702 -15.8412 
32.7682 -0.5 -15.8412 
32.7682 -0.887298 -15.8412 
31.875 -0.112702 -9.875 
31.875 -0.5 -9.875 
31.875 -0.887298 -9.875 
30.8318 -0.112702 -6.15877 
30.8318 -0.5 -6.15877 
30.8318 -0.887298 -6.15877 
30.1428 0.887298 -4.94919 
30.1428 0.5 -4.94919 
30.1428 0.112702 -4.94919 
28.625 0.887298 -3.25 
28.625 0.5 -3.25 
28.625 0.112702 -3.25 
26.6572 0.887298 -1.85081 
26.6572 0.5 -1.85081 
26.6572 0.112702 -1.85081 
30.1428 -0.112702 -4.94919 
30.1428 -0.5 -4.94919 
30.1428 -0.887298 -4.94919 
28.625 -0.112702 -3.25 
28.625 -0.5 -3.25 
28.625 -0.887298 -3.25 
26.6572 -0.112702 -1.85081 
26.6572 -0.5 -1.85081 
26.6572 -0.887298 -1.85081 
25.3238 0.887298 -1.1873 
25.3238 0.5 -1.1873 
25.3238 0.112702 -1.1873 
23 0.887298 -0.5 
23 0.5 -0.5 
23 0.112702 -0.5 
20.6762 0.887298 -0.412702 
20.6762 0.5 -0.412702 
20.6762 0.112702 -0.412702 
25.3238 -0.112702 -1.1873 
25.3238 -0.5 -1.1873 
25.3238 -0.887298 -1.1873 
23 -0.112702 -0.5 
23 -0.5 -0.5 
23 -0.887298 -0.5 
20.6762 -0.112702 -0.412702 
20.6762 -0.5 -0.412702 
20.6762 -0.887298 -0.412702 
19.3619 0.887298 -0.644456 
19.3619 0.5 -0.644456 
19.3619 0.112702 -0.644456 
17.75 0.887298 -1.625 
17.75 0.5 -1.625 
17.75 0.112702 -1.625 
17.0381 0.887298 -3.35554 
17.0381 0.5 -3.35554 
17.0381 0.112702 -3.35554 
19.3619 -0.112702 -0.644456 
19.3619 -0.5 -0.644456 
19.3619 -0.887298 -0.644456 
17.75 -0.112702 -1.625 
17.75 -0.5 -1.625 
17.75 -0.887298 -1.625 
17.0381 -0.112702 -3.35554 
17.0381 -0.5 -3.35554 
17.0381 -0.887298 -3.35554 
