0.0337652 2 0 
0.169395 2 0 
0.38069 2 0 
0.61931 2 0 
0.830605 2 0 
0.966235 2 0 
1.03377 2 0 
1.1694 2 0 
1.38069 2 0 
1.61931 2 0 
1.8306 2 0 
1.96623 2 0 
2.03377 2 0 
2.1694 2 0 
2.38069 2 0 
2.61931 2 0 
2.8306 2 0 
2.96623 2 0 
3.03377 2 0 
3.1694 2 0 
3.38069 2 0 
3.61931 2 0 
3.8306 2 0 
3.96623 2 0 
4.03377 2 0 
4.1694 2 0 
4.38069 2 0 
4.61931 2 0 
4.8306 2 0 
4.96623 2 0 
5.03377 2 0 
5.1694 2 0 
5.38069 2 0 
5.61931 2 0 
5.8306 2 0 
5.96623 2 0 
6.03377 2 0 
6.1694 2 0 
6.38069 2 0 
6.61931 2 0 
6.8306 2 0 
6.96623 2 0 
7.03377 2 0 
7.1694 2 0 
7.38069 2 0 
7.61931 2 0 
7.8306 2 0 
7.96623 2 0 
8.03377 2 0 
8.1694 2 0 
8.38069 2 0 
8.61931 2 0 
8.8306 2 0 
8.96623 2 0 
9.03377 2 0 
9.1694 2 0 
9.38069 2 0 
9.61931 2 0 
9.8306 2 0 
9.96623 2 0 
10.0338 2 0 
10.1694 2 0 
10.3807 2 0 
10.6193 2 0 
10.8306 2 0 
10.9662 2 0 
11.0338 2 0 
11.1694 2 0 
11.3807 2 0 
11.6193 2 0 
11.8306 2 0 
11.9662 2 0 
12.0338 2 0 
12.1694 2 0 
12.3807 2 0 
12.6193 2 0 
12.8306 2 0 
12.9662 2 0 
13.0338 2 0 
13.1694 2 0 
13.3807 2 0 
13.6193 2 0 
13.8306 2 0 
13.9662 2 0 
14.0338 2 0 
14.1694 2 0 
14.3807 2 0 
14.6193 2 0 
14.8306 2 0 
14.9662 2 0 
15.0338 2 0 
15.1694 2 0 
15.3807 2 0 
15.6193 2 0 
15.8306 2 0 
15.9662 2 0 
16.0338 2 0 
16.1694 2 0 
16.3807 2 0 
16.6193 2 0 
16.8306 2 0 
16.9662 2 0 
17.0338 2 0 
17.1694 2 0 
17.3807 2 0 
17.6193 2 0 
17.8306 2 0 
17.9662 2 0 
18.0338 2 0 
18.1694 2 0 
18.3807 2 0 
18.6193 2 0 
18.8306 2 0 
18.9662 2 0 
19.0338 2 0 
19.1694 2 0 
19.3807 2 0 
19.6193 2 0 
19.8306 2 0 
19.9662 2 0 
20 1.96623 0 
20 1.8306 0 
20 1.61931 0 
20 1.38069 0 
20 1.1694 0 
20 1.03377 0 
20 0.966235 0 
20 0.830605 0 
20 0.61931 0 
20 0.38069 0 
20 0.169395 0 
20 0.0337652 0 
19.9662 0 0 
19.8306 0 0 
19.6193 0 0 
19.3807 0 0 
19.1694 0 0 
19.0338 0 0 
18.9662 0 0 
18.8306 2.22045e-16 0 
18.6193 0 0 
18.3807 0 0 
18.1694 0 0 
18.0338 2.22045e-16 0 
17.9662 0 0 
17.8306 0 0 
17.6193 2.22045e-16 0 
17.3807 0 0 
17.1694 0 0 
17.0338 2.22045e-16 0 
16.9662 0 0 
16.8306 2.22045e-16 0 
16.6193 0 0 
16.3807 0 0 
16.1694 0 0 
16.0338 0 0 
15.9662 0 0 
15.8306 0 0 
15.6193 0 0 
15.3807 0 0 
15.1694 0 0 
15.0338 0 0 
14.9662 0 0 
14.8306 0 0 
14.6193 0 0 
14.3807 0 0 
14.1694 0 0 
14.0338 0 0 
13.9662 0 0 
13.8306 0 0 
13.6193 0 0 
13.3807 0 0 
13.1694 0 0 
13.0338 0 0 
12.9662 0 0 
12.8306 0 0 
12.6193 0 0 
12.3807 0 0 
12.1694 0 0 
12.0338 0 0 
11.9662 0 0 
11.8306 0 0 
11.6193 0 0 
11.3807 0 0 
11.1694 0 0 
11.0338 0 0 
10.9662 0 0 
10.8306 0 0 
10.6193 0 0 
10.3807 0 0 
10.1694 0 0 
10.0338 0 0 
9.96623 0 0 
9.8306 0 0 
9.61931 0 0 
9.38069 0 0 
9.1694 0 0 
9.03377 0 0 
8.96623 0 0 
8.8306 0 0 
8.61931 0 0 
8.38069 0 0 
8.1694 0 0 
8.03377 0 0 
7.96623 0 0 
7.8306 0 0 
7.61931 0 0 
7.38069 0 0 
7.1694 0 0 
7.03377 0 0 
6.96623 0 0 
6.8306 0 0 
6.61931 0 0 
6.38069 0 0 
6.1694 0 0 
6.03377 0 0 
5.96623 0 0 
5.8306 0 0 
5.61931 0 0 
5.38069 0 0 
5.1694 0 0 
5.03377 0 0 
4.96623 0 0 
4.8306 0 0 
4.61931 0 0 
4.38069 0 0 
4.1694 0 0 
4.03377 0 0 
3.96623 0 0 
3.8306 0 0 
3.61931 0 0 
3.38069 0 0 
3.1694 0 0 
3.03377 0 0 
2.96623 0 0 
2.8306 0 0 
2.61931 0 0 
2.38069 0 0 
2.1694 0 0 
2.03377 0 0 
1.96623 0 0 
1.8306 0 0 
1.61931 0 0 
1.38069 0 0 
1.1694 0 0 
1.03377 0 0 
0.966235 0 0 
0.830605 0 0 
0.61931 0 0 
0.38069 0 0 
0.169395 0 0 
0.0337652 0 0 
0 0.0337652 0 
0 0.169395 0 
0 0.38069 0 
0 0.61931 0 
0 0.830605 0 
0 0.966235 0 
0 1.03377 0 
0 1.1694 0 
0 1.38069 0 
0 1.61931 0 
0 1.8306 0 
0 1.96623 0 
