0.112702 1.8873 0 
0.112702 1.5 0 
0.112702 1.1127 0 
0.5 1.8873 0 
0.5 1.5 0 
0.5 1.1127 0 
0.887298 1.8873 0 
0.887298 1.5 0 
0.887298 1.1127 0 
0.112702 0.887298 0 
0.112702 0.5 0 
0.112702 0.112702 0 
0.5 0.887298 0 
0.5 0.5 0 
0.5 0.112702 0 
0.887298 0.887298 0 
0.887298 0.5 0 
0.887298 0.112702 0 
1.1127 1.8873 0 
1.1127 1.5 0 
1.1127 1.1127 0 
1.5 1.8873 0 
1.5 1.5 0 
1.5 1.1127 0 
1.8873 1.8873 0 
1.8873 1.5 0 
1.8873 1.1127 0 
1.1127 0.887298 0 
1.1127 0.5 0 
1.1127 0.112702 0 
1.5 0.887298 0 
1.5 0.5 0 
1.5 0.112702 0 
1.8873 0.887298 0 
1.8873 0.5 0 
1.8873 0.112702 0 
2.1127 1.8873 0 
2.1127 1.5 0 
2.1127 1.1127 0 
2.5 1.8873 0 
2.5 1.5 0 
2.5 1.1127 0 
2.8873 1.8873 0 
2.8873 1.5 0 
2.8873 1.1127 0 
2.1127 0.887298 0 
2.1127 0.5 0 
2.1127 0.112702 0 
2.5 0.887298 0 
2.5 0.5 0 
2.5 0.112702 0 
2.8873 0.887298 0 
2.8873 0.5 0 
2.8873 0.112702 0 
3.1127 1.8873 0 
3.1127 1.5 0 
3.1127 1.1127 0 
3.5 1.8873 0 
3.5 1.5 0 
3.5 1.1127 0 
3.8873 1.8873 0 
3.8873 1.5 0 
3.8873 1.1127 0 
3.1127 0.887298 0 
3.1127 0.5 0 
3.1127 0.112702 0 
3.5 0.887298 0 
3.5 0.5 0 
3.5 0.112702 0 
3.8873 0.887298 0 
3.8873 0.5 0 
3.8873 0.112702 0 
4.1127 1.8873 0 
4.1127 1.5 0 
4.1127 1.1127 0 
4.5 1.8873 0 
4.5 1.5 0 
4.5 1.1127 0 
4.8873 1.8873 0 
4.8873 1.5 0 
4.8873 1.1127 0 
4.1127 0.887298 0 
4.1127 0.5 0 
4.1127 0.112702 0 
4.5 0.887298 0 
4.5 0.5 0 
4.5 0.112702 0 
4.8873 0.887298 0 
4.8873 0.5 0 
4.8873 0.112702 0 
5.1127 1.8873 0 
5.1127 1.5 0 
5.1127 1.1127 0 
5.5 1.8873 0 
5.5 1.5 0 
5.5 1.1127 0 
5.8873 1.8873 0 
5.8873 1.5 0 
5.8873 1.1127 0 
5.1127 0.887298 0 
5.1127 0.5 0 
5.1127 0.112702 0 
5.5 0.887298 0 
5.5 0.5 0 
5.5 0.112702 0 
5.8873 0.887298 0 
5.8873 0.5 0 
5.8873 0.112702 0 
6.1127 1.8873 0 
6.1127 1.5 0 
6.1127 1.1127 0 
6.5 1.8873 0 
6.5 1.5 0 
6.5 1.1127 0 
6.8873 1.8873 0 
6.8873 1.5 0 
6.8873 1.1127 0 
6.1127 0.887298 0 
6.1127 0.5 0 
6.1127 0.112702 0 
6.5 0.887298 0 
6.5 0.5 0 
6.5 0.112702 0 
6.8873 0.887298 0 
6.8873 0.5 0 
6.8873 0.112702 0 
7.1127 1.8873 0 
7.1127 1.5 0 
7.1127 1.1127 0 
7.5 1.8873 0 
7.5 1.5 0 
7.5 1.1127 0 
7.8873 1.8873 0 
7.8873 1.5 0 
7.8873 1.1127 0 
7.1127 0.887298 0 
7.1127 0.5 0 
7.1127 0.112702 0 
7.5 0.887298 0 
7.5 0.5 0 
7.5 0.112702 0 
7.8873 0.887298 0 
7.8873 0.5 0 
7.8873 0.112702 0 
8.1127 1.8873 0 
8.1127 1.5 0 
8.1127 1.1127 0 
8.5 1.8873 0 
8.5 1.5 0 
8.5 1.1127 0 
8.8873 1.8873 0 
8.8873 1.5 0 
8.8873 1.1127 0 
8.1127 0.887298 0 
8.1127 0.5 0 
8.1127 0.112702 0 
8.5 0.887298 0 
8.5 0.5 0 
8.5 0.112702 0 
8.8873 0.887298 0 
8.8873 0.5 0 
8.8873 0.112702 0 
9.1127 1.8873 0 
9.1127 1.5 0 
9.1127 1.1127 0 
9.5 1.8873 0 
9.5 1.5 0 
9.5 1.1127 0 
9.8873 1.8873 0 
9.8873 1.5 0 
9.8873 1.1127 0 
9.1127 0.887298 0 
9.1127 0.5 0 
9.1127 0.112702 0 
9.5 0.887298 0 
9.5 0.5 0 
9.5 0.112702 0 
9.8873 0.887298 0 
9.8873 0.5 0 
9.8873 0.112702 0 
10.1127 1.8873 0 
10.1127 1.5 0 
10.1127 1.1127 0 
10.5 1.8873 0 
10.5 1.5 0 
10.5 1.1127 0 
10.8873 1.8873 0 
10.8873 1.5 0 
10.8873 1.1127 0 
10.1127 0.887298 0 
10.1127 0.5 0 
10.1127 0.112702 0 
10.5 0.887298 0 
10.5 0.5 0 
10.5 0.112702 0 
10.8873 0.887298 0 
10.8873 0.5 0 
10.8873 0.112702 0 
11.1127 1.8873 0 
11.1127 1.5 0 
11.1127 1.1127 0 
11.5 1.8873 0 
11.5 1.5 0 
11.5 1.1127 0 
11.8873 1.8873 0 
11.8873 1.5 0 
11.8873 1.1127 0 
11.1127 0.887298 0 
11.1127 0.5 0 
11.1127 0.112702 0 
11.5 0.887298 0 
11.5 0.5 0 
11.5 0.112702 0 
11.8873 0.887298 0 
11.8873 0.5 0 
11.8873 0.112702 0 
12.1127 1.8873 0 
12.1127 1.5 0 
12.1127 1.1127 0 
12.5 1.8873 0 
12.5 1.5 0 
12.5 1.1127 0 
12.8873 1.8873 0 
12.8873 1.5 0 
12.8873 1.1127 0 
12.1127 0.887298 0 
12.1127 0.5 0 
12.1127 0.112702 0 
12.5 0.887298 0 
12.5 0.5 0 
12.5 0.112702 0 
12.8873 0.887298 0 
12.8873 0.5 0 
12.8873 0.112702 0 
13.1127 1.8873 0 
13.1127 1.5 0 
13.1127 1.1127 0 
13.5 1.8873 0 
13.5 1.5 0 
13.5 1.1127 0 
13.8873 1.8873 0 
13.8873 1.5 0 
13.8873 1.1127 0 
13.1127 0.887298 0 
13.1127 0.5 0 
13.1127 0.112702 0 
13.5 0.887298 0 
13.5 0.5 0 
13.5 0.112702 0 
13.8873 0.887298 0 
13.8873 0.5 0 
13.8873 0.112702 0 
14.1127 1.8873 0 
14.1127 1.5 0 
14.1127 1.1127 0 
14.5 1.8873 0 
14.5 1.5 0 
14.5 1.1127 0 
14.8873 1.8873 0 
14.8873 1.5 0 
14.8873 1.1127 0 
14.1127 0.887298 0 
14.1127 0.5 0 
14.1127 0.112702 0 
14.5 0.887298 0 
14.5 0.5 0 
14.5 0.112702 0 
14.8873 0.887298 0 
14.8873 0.5 0 
14.8873 0.112702 0 
15.1127 1.8873 0 
15.1127 1.5 0 
15.1127 1.1127 0 
15.5 1.8873 0 
15.5 1.5 0 
15.5 1.1127 0 
15.8873 1.8873 0 
15.8873 1.5 0 
15.8873 1.1127 0 
15.1127 0.887298 0 
15.1127 0.5 0 
15.1127 0.112702 0 
15.5 0.887298 0 
15.5 0.5 0 
15.5 0.112702 0 
15.8873 0.887298 0 
15.8873 0.5 0 
15.8873 0.112702 0 
16.1127 1.8873 0 
16.1127 1.5 0 
16.1127 1.1127 0 
16.5 1.8873 0 
16.5 1.5 0 
16.5 1.1127 0 
16.8873 1.8873 0 
16.8873 1.5 0 
16.8873 1.1127 0 
16.1127 0.887298 0 
16.1127 0.5 0 
16.1127 0.112702 0 
16.5 0.887298 0 
16.5 0.5 0 
16.5 0.112702 0 
16.8873 0.887298 0 
16.8873 0.5 0 
16.8873 0.112702 0 
17.1127 1.8873 0 
17.1127 1.5 0 
17.1127 1.1127 0 
17.5 1.8873 0 
17.5 1.5 0 
17.5 1.1127 0 
17.8873 1.8873 0 
17.8873 1.5 0 
17.8873 1.1127 0 
17.1127 0.887298 0 
17.1127 0.5 0 
17.1127 0.112702 0 
17.5 0.887298 0 
17.5 0.5 0 
17.5 0.112702 0 
17.8873 0.887298 0 
17.8873 0.5 0 
17.8873 0.112702 0 
18.1127 1.8873 0 
18.1127 1.5 0 
18.1127 1.1127 0 
18.5 1.8873 0 
18.5 1.5 0 
18.5 1.1127 0 
18.8873 1.8873 0 
18.8873 1.5 0 
18.8873 1.1127 0 
18.1127 0.887298 0 
18.1127 0.5 0 
18.1127 0.112702 0 
18.5 0.887298 0 
18.5 0.5 0 
18.5 0.112702 0 
18.8873 0.887298 0 
18.8873 0.5 0 
18.8873 0.112702 0 
19.1127 1.8873 0 
19.1127 1.5 0 
19.1127 1.1127 0 
19.5 1.8873 0 
19.5 1.5 0 
19.5 1.1127 0 
19.8873 1.8873 0 
19.8873 1.5 0 
19.8873 1.1127 0 
19.1127 0.887298 0 
19.1127 0.5 0 
19.1127 0.112702 0 
19.5 0.887298 0 
19.5 0.5 0 
19.5 0.112702 0 
19.8873 0.887298 0 
19.8873 0.5 0 
19.8873 0.112702 0 
