0.0173945 0 0.0168353 
0.0892885 0 0.0842102 
0.209333 0 0.187837 
0.36219 0 0.301854 
0.525466 0 0.40027 
0.669876 0 0.467413 
0.763971 0 0.501545 
0.81155 0 0.516044 
0.911168 0 0.540742 
1.07651 0 0.565704 
1.27584 0 0.568379 
1.46453 0 0.537256 
1.60499 0 0.483187 
1.68193 0 0.435876 
1.71636 0 0.408609 
1.77935 0 0.345038 
1.86053 0 0.223094 
1.924 0 0.0525957 
1.9488 0 -0.131887 
1.93959 0 -0.286532 
1.92023 0 -0.379899 
1.90688 0 -0.424449 
1.87211 0 -0.512384 
1.79671 0 -0.6469 
1.67953 0 -0.798357 
1.54128 0 -0.939596 
1.41661 0 -1.05022 
1.33695 0 -1.11638 
1.29756 0 -1.14831 
1.21724 0 -1.21271 
1.08949 0 -1.31668 
0.943961 0 -1.44654 
0.815273 0 -1.58684 
0.726905 0 -1.71523 
0.682455 0 -1.80188 
0.663884 0 -1.8467 
0.633031 0 -1.94231 
0.604004 0 -2.10316 
0.605595 0 -2.29384 
0.650319 0 -2.46184 
0.722152 0 -2.56962 
0.783198 0 -2.61689 
0.817925 0 -2.63367 
0.897596 0 -2.65441 
1.04415 0 -2.6524 
1.23241 0 -2.59799 
1.40878 0 -2.49557 
1.52752 0 -2.38127 
1.58185 0 -2.29971 
1.60188 0 -2.25715 
1.62938 0 -2.16598 
1.64407 0 -2.00922 
1.6328 0 -1.81204 
1.61633 0 -1.61661 
1.61885 0 -1.46398 
1.63526 0 -1.37656 
1.64886 0 -1.33618 
1.6885 0 -1.25914 
1.78209 0 -1.1483 
1.93334 0 -1.03361 
2.11232 0 -0.9356 
2.27073 0 -0.863773 
2.36942 0 -0.822282 
2.41727 0 -0.802515 
2.51325 0 -0.76313 
2.66447 0 -0.701664 
2.84235 0 -0.630056 
3.01691 0 -0.560124 
3.16041 0 -0.502577 
3.24933 0 -0.466763 
3.29311 0 -0.449069 
3.38278 0 -0.412665 
3.52876 0 -0.352933 
3.70634 0 -0.279413 
3.88445 0 -0.204626 
4.0317 0 -0.141928 
4.12253 0 -0.102823 
4.16697 0 -0.0835632 
4.25738 0 -0.0441165 
4.40303 0 0.0201589 
4.57832 0 0.0986842 
4.75291 0 0.178127 
4.89692 0 0.244547 
4.98583 0 0.285948 
5.02941 0 0.306342 
5.11822 0 0.348122 
5.26169 0 0.416212 
5.43487 0 0.499366 
5.6077 0 0.58339 
5.75037 0 0.653515 
5.83846 0 0.69715 
5.88161 0 0.71862 
5.96952 0 0.762553 
6.11146 0 0.834012 
6.2827 0 0.921073 
6.45355 0 1.00884 
6.59459 0 1.08196 
6.68169 0 1.12741 
6.72437 0 1.14976 
6.81134 0 1.19546 
6.9518 0 1.26972 
7.12132 0 1.36008 
7.29053 0 1.45104 
7.43024 0 1.52672 
7.51653 0 1.57372 
7.55881 0 1.59682 
7.64498 0 1.64403 
7.78416 0 1.72068 
7.95216 0 1.81385 
8.11987 0 1.90753 
8.25837 0 1.98539 
8.34392 0 2.03371 
8.38584 0 2.05745 
8.47128 0 2.10596 
8.60931 0 2.18467 
8.77595 0 2.28025 
8.94232 0 2.37628 
9.07974 0 2.45604 
9.16463 0 2.50551 
9.20624 0 2.52981 
9.29103 0 2.57944 
9.42802 0 2.65994 
9.59343 0 2.75763 
9.7586 0 2.85571 
9.89505 0 2.93713 
9.97934 0 2.98761 
10 0.0424101 3 
10 0.215391 3 
10 0.495129 3 
10 0.833333 3 
10 1.17154 3 
10 1.45128 3 
10 1.62426 3 
10 1.70908 3 
10 1.88206 3 
10 2.1618 3 
10 2.5 3 
10 2.8382 3 
10 3.11794 3 
10 3.29092 3 
10 3.37574 3 
10 3.54872 3 
10 3.82846 3 
10 4.16667 3 
10 4.50487 3 
10 4.78461 3 
10 4.95759 3 
10 5.04241 3 
10 5.21539 3 
10 5.49513 3 
10 5.83333 3 
10 6.17154 3 
10 6.45128 3 
10 6.62426 3 
10 6.70908 3 
10 6.88206 3 
10 7.1618 3 
10 7.5 3 
10 7.8382 3 
10 8.11794 3 
10 8.29092 3 
10 8.37574 3 
10 8.54872 3 
10 8.82846 3 
10 9.16667 3 
10 9.50487 3 
10 9.78461 3 
10 9.95759 3 
9.97934 10 2.98761 
9.89505 10 2.93713 
9.7586 10 2.85571 
9.59343 10 2.75763 
9.42802 10 2.65994 
9.29103 10 2.57944 
9.20624 10 2.52981 
9.16463 10 2.50551 
9.07974 10 2.45604 
8.94232 10 2.37628 
8.77595 10 2.28025 
8.60931 10 2.18467 
8.47128 10 2.10596 
8.38584 10 2.05745 
8.34392 10 2.03371 
8.25837 10 1.98539 
8.11987 10 1.90753 
7.95216 10 1.81385 
7.78416 10 1.72068 
7.64498 10 1.64403 
7.55881 10 1.59682 
7.51653 10 1.57372 
7.43024 10 1.52672 
7.29053 10 1.45104 
7.12132 10 1.36008 
6.9518 10 1.26972 
6.81134 10 1.19546 
6.72437 10 1.14976 
6.68169 10 1.12741 
6.59459 10 1.08196 
6.45355 10 1.00884 
6.2827 10 0.921073 
6.11146 10 0.834012 
5.96952 10 0.762553 
5.88161 10 0.71862 
5.83846 10 0.69715 
5.75037 10 0.653515 
5.6077 10 0.58339 
5.43487 10 0.499366 
5.26169 10 0.416212 
5.11822 10 0.348122 
5.02941 10 0.306342 
4.98583 10 0.285948 
4.89692 10 0.244547 
4.75291 10 0.178127 
4.57832 10 0.0986842 
4.40303 10 0.0201589 
4.25738 10 -0.0441165 
4.16697 10 -0.0835632 
4.12253 10 -0.102823 
4.0317 10 -0.141928 
3.88445 10 -0.204626 
3.70634 10 -0.279413 
3.52876 10 -0.352933 
3.38278 10 -0.412665 
3.29311 10 -0.449069 
3.24933 10 -0.466763 
3.16041 10 -0.502577 
3.01691 10 -0.560124 
2.84235 10 -0.630056 
2.66447 10 -0.701664 
2.51325 10 -0.76313 
2.41727 10 -0.802515 
2.36942 10 -0.822282 
2.27073 10 -0.863773 
2.11232 10 -0.9356 
1.93334 10 -1.03361 
1.78209 10 -1.1483 
1.6885 10 -1.25914 
1.64886 10 -1.33618 
1.63526 10 -1.37656 
1.61885 10 -1.46398 
1.61633 10 -1.61661 
1.6328 10 -1.81204 
1.64407 10 -2.00922 
1.62938 10 -2.16598 
1.60188 10 -2.25715 
1.58185 10 -2.29971 
1.52752 10 -2.38127 
1.40878 10 -2.49557 
1.23241 10 -2.59799 
1.04415 10 -2.6524 
0.897596 10 -2.65441 
0.817925 10 -2.63367 
0.783198 10 -2.61689 
0.722152 10 -2.56962 
0.650319 10 -2.46184 
0.605595 10 -2.29384 
0.604004 10 -2.10316 
0.633031 10 -1.94231 
0.663884 10 -1.8467 
0.682455 10 -1.80188 
0.726905 10 -1.71523 
0.815273 10 -1.58684 
0.943961 10 -1.44654 
1.08949 10 -1.31668 
1.21724 10 -1.21271 
1.29756 10 -1.14831 
1.33695 10 -1.11638 
1.41661 10 -1.05022 
1.54128 10 -0.939596 
1.67953 10 -0.798357 
1.79671 10 -0.6469 
1.87211 10 -0.512384 
1.90688 10 -0.424449 
1.92023 10 -0.379899 
1.93959 10 -0.286532 
1.9488 10 -0.131887 
1.924 10 0.0525957 
1.86053 10 0.223094 
1.77935 10 0.345038 
1.71636 10 0.408609 
1.68193 10 0.435876 
1.60499 10 0.483187 
1.46453 10 0.537256 
1.27584 10 0.568379 
1.07651 10 0.565704 
0.911168 10 0.540742 
0.81155 10 0.516044 
0.763971 10 0.501545 
0.669876 10 0.467413 
0.525466 10 0.40027 
0.36219 10 0.301854 
0.209333 10 0.187837 
0.0892885 10 0.0842102 
0.0173945 10 0.0168353 
0 9.95759 0 
0 9.78461 0 
0 9.50487 0 
0 9.16667 0 
0 8.82846 0 
0 8.54872 0 
0 8.37574 0 
0 8.29092 0 
0 8.11794 0 
0 7.8382 0 
0 7.5 0 
0 7.1618 0 
0 6.88206 0 
0 6.70908 0 
0 6.62426 0 
0 6.45128 0 
0 6.17154 0 
0 5.83333 0 
0 5.49513 0 
0 5.21539 0 
0 5.04241 0 
0 4.95759 0 
0 4.78461 0 
0 4.50487 0 
0 4.16667 0 
0 3.82846 0 
0 3.54872 0 
0 3.37574 0 
0 3.29092 0 
0 3.11794 0 
0 2.8382 0 
0 2.5 0 
0 2.1618 0 
0 1.88206 0 
0 1.70908 0 
0 1.62426 0 
0 1.45128 0 
0 1.17154 0 
0 0.833333 0 
0 0.495129 0 
0 0.215391 0 
0 0.0424101 0 
