0.0476702 0.187836 0.0456551 
0.0476702 0.833333 0.0456551 
0.0476702 1.47883 0.0456551 
0.233518 0.187836 0.207257 
0.233518 0.833333 0.207257 
0.233518 1.47883 0.207257 
0.498173 0.187836 0.385504 
0.498173 0.833333 0.385504 
0.498173 1.47883 0.385504 
0.723621 0.187836 0.48781 
0.723621 0.833333 0.48781 
0.723621 1.47883 0.48781 
0.0476702 1.8545 0.0456551 
0.0476702 2.5 0.0456551 
0.0476702 3.1455 0.0456551 
0.233518 1.8545 0.207257 
0.233518 2.5 0.207257 
0.233518 3.1455 0.207257 
0.498173 1.8545 0.385504 
0.498173 2.5 0.385504 
0.498173 3.1455 0.385504 
0.723621 1.8545 0.48781 
0.723621 2.5 0.48781 
0.723621 3.1455 0.48781 
0.0476702 3.52117 0.0456551 
0.0476702 4.16667 0.0456551 
0.0476702 4.81216 0.0456551 
0.233518 3.52117 0.207257 
0.233518 4.16667 0.207257 
0.233518 4.81216 0.207257 
0.498173 3.52117 0.385504 
0.498173 4.16667 0.385504 
0.498173 4.81216 0.385504 
0.723621 3.52117 0.48781 
0.723621 4.16667 0.48781 
0.723621 4.81216 0.48781 
0.0476702 5.18784 0.0456551 
0.0476702 5.83333 0.0456551 
0.0476702 6.47883 0.0456551 
0.233518 5.18784 0.207257 
0.233518 5.83333 0.207257 
0.233518 6.47883 0.207257 
0.498173 5.18784 0.385504 
0.498173 5.83333 0.385504 
0.498173 6.47883 0.385504 
0.723621 5.18784 0.48781 
0.723621 5.83333 0.48781 
0.723621 6.47883 0.48781 
0.0476702 6.8545 0.0456551 
0.0476702 7.5 0.0456551 
0.0476702 8.1455 0.0456551 
0.233518 6.8545 0.207257 
0.233518 7.5 0.207257 
0.233518 8.1455 0.207257 
0.498173 6.8545 0.385504 
0.498173 7.5 0.385504 
0.498173 8.1455 0.385504 
0.723621 6.8545 0.48781 
0.723621 7.5 0.48781 
0.723621 8.1455 0.48781 
0.0476702 8.52117 0.0456551 
0.0476702 9.16667 0.0456551 
0.0476702 9.81216 0.0456551 
0.233518 8.52117 0.207257 
0.233518 9.16667 0.207257 
0.233518 9.81216 0.207257 
0.498173 8.52117 0.385504 
0.498173 9.16667 0.385504 
0.498173 9.81216 0.385504 
0.723621 8.52117 0.48781 
0.723621 9.16667 0.48781 
0.723621 9.81216 0.48781 
0.853397 0.187836 0.527328 
0.853397 0.833333 0.527328 
0.853397 1.47883 0.527328 
1.10914 0.187836 0.568273 
1.10914 0.833333 0.568273 
1.10914 1.47883 0.568273 
1.43508 0.187836 0.544767 
1.43508 0.833333 0.544767 
1.43508 1.47883 0.544767 
1.65038 0.187836 0.457268 
1.65038 0.833333 0.457268 
1.65038 1.47883 0.457268 
0.853397 1.8545 0.527328 
0.853397 2.5 0.527328 
0.853397 3.1455 0.527328 
1.10914 1.8545 0.568273 
1.10914 2.5 0.568273 
1.10914 3.1455 0.568273 
1.43508 1.8545 0.544767 
1.43508 2.5 0.544767 
1.43508 3.1455 0.544767 
1.65038 1.8545 0.457268 
1.65038 2.5 0.457268 
1.65038 3.1455 0.457268 
0.853397 3.52117 0.527328 
0.853397 4.16667 0.527328 
0.853397 4.81216 0.527328 
1.10914 3.52117 0.568273 
1.10914 4.16667 0.568273 
1.10914 4.81216 0.568273 
1.43508 3.52117 0.544767 
1.43508 4.16667 0.544767 
1.43508 4.81216 0.544767 
1.65038 3.52117 0.457268 
1.65038 4.16667 0.457268 
1.65038 4.81216 0.457268 
0.853397 5.18784 0.527328 
0.853397 5.83333 0.527328 
0.853397 6.47883 0.527328 
1.10914 5.18784 0.568273 
1.10914 5.83333 0.568273 
1.10914 6.47883 0.568273 
1.43508 5.18784 0.544767 
1.43508 5.83333 0.544767 
1.43508 6.47883 0.544767 
1.65038 5.18784 0.457268 
1.65038 5.83333 0.457268 
1.65038 6.47883 0.457268 
0.853397 6.8545 0.527328 
0.853397 7.5 0.527328 
0.853397 8.1455 0.527328 
1.10914 6.8545 0.568273 
1.10914 7.5 0.568273 
1.10914 8.1455 0.568273 
1.43508 6.8545 0.544767 
1.43508 7.5 0.544767 
1.43508 8.1455 0.544767 
1.65038 6.8545 0.457268 
1.65038 7.5 0.457268 
1.65038 8.1455 0.457268 
0.853397 8.52117 0.527328 
0.853397 9.16667 0.527328 
0.853397 9.81216 0.527328 
1.10914 8.52117 0.568273 
1.10914 9.16667 0.568273 
1.10914 9.81216 0.568273 
1.43508 8.52117 0.544767 
1.43508 9.16667 0.544767 
1.43508 9.81216 0.544767 
1.65038 8.52117 0.457268 
1.65038 9.16667 0.457268 
1.65038 9.81216 0.457268 
1.74424 0.187836 0.382914 
1.74424 0.833333 0.382914 
1.74424 1.47883 0.382914 
1.87343 0.187836 0.196873 
1.87343 0.833333 0.196873 
1.87343 1.47883 0.196873 
1.94744 0.187836 -0.101495 
1.94744 0.833333 -0.101495 
1.94744 1.47883 -0.101495 
1.92972 0.187836 -0.340683 
1.92972 0.833333 -0.340683 
1.92972 1.47883 -0.340683 
1.74424 1.8545 0.382914 
1.74424 2.5 0.382914 
1.74424 3.1455 0.382914 
1.87343 1.8545 0.196873 
1.87343 2.5 0.196873 
1.87343 3.1455 0.196873 
1.94744 1.8545 -0.101495 
1.94744 2.5 -0.101495 
1.94744 3.1455 -0.101495 
1.92972 1.8545 -0.340683 
1.92972 2.5 -0.340683 
1.92972 3.1455 -0.340683 
1.74424 3.52117 0.382914 
1.74424 4.16667 0.382914 
1.74424 4.81216 0.382914 
1.87343 3.52117 0.196873 
1.87343 4.16667 0.196873 
1.87343 4.81216 0.196873 
1.94744 3.52117 -0.101495 
1.94744 4.16667 -0.101495 
1.94744 4.81216 -0.101495 
1.92972 3.52117 -0.340683 
1.92972 4.16667 -0.340683 
1.92972 4.81216 -0.340683 
1.74424 5.18784 0.382914 
1.74424 5.83333 0.382914 
1.74424 6.47883 0.382914 
1.87343 5.18784 0.196873 
1.87343 5.83333 0.196873 
1.87343 6.47883 0.196873 
1.94744 5.18784 -0.101495 
1.94744 5.83333 -0.101495 
1.94744 6.47883 -0.101495 
1.92972 5.18784 -0.340683 
1.92972 5.83333 -0.340683 
1.92972 6.47883 -0.340683 
1.74424 6.8545 0.382914 
1.74424 7.5 0.382914 
1.74424 8.1455 0.382914 
1.87343 6.8545 0.196873 
1.87343 7.5 0.196873 
1.87343 8.1455 0.196873 
1.94744 6.8545 -0.101495 
1.94744 7.5 -0.101495 
1.94744 8.1455 -0.101495 
1.92972 6.8545 -0.340683 
1.92972 7.5 -0.340683 
1.92972 8.1455 -0.340683 
1.74424 8.52117 0.382914 
1.74424 9.16667 0.382914 
1.74424 9.81216 0.382914 
1.87343 8.52117 0.196873 
1.87343 9.16667 0.196873 
1.87343 9.81216 0.196873 
1.94744 8.52117 -0.101495 
1.94744 9.16667 -0.101495 
1.94744 9.81216 -0.101495 
1.92972 8.52117 -0.340683 
1.92972 9.16667 -0.340683 
1.92972 9.81216 -0.340683 
1.89335 0.187836 -0.462185 
1.89335 0.833333 -0.462185 
1.89335 1.47883 -0.462185 
1.77945 0.187836 -0.672263 
1.77945 0.833333 -0.672263 
1.77945 1.47883 -0.672263 
1.56482 0.187836 -0.91728 
1.56482 0.833333 -0.91728 
1.56482 1.47883 -0.91728 
1.37085 0.187836 -1.08852 
1.37085 0.833333 -1.08852 
1.37085 1.47883 -1.08852 
1.89335 1.8545 -0.462185 
1.89335 2.5 -0.462185 
1.89335 3.1455 -0.462185 
1.77945 1.8545 -0.672263 
1.77945 2.5 -0.672263 
1.77945 3.1455 -0.672263 
1.56482 1.8545 -0.91728 
1.56482 2.5 -0.91728 
1.56482 3.1455 -0.91728 
1.37085 1.8545 -1.08852 
1.37085 2.5 -1.08852 
1.37085 3.1455 -1.08852 
1.89335 3.52117 -0.462185 
1.89335 4.16667 -0.462185 
1.89335 4.81216 -0.462185 
1.77945 3.52117 -0.672263 
1.77945 4.16667 -0.672263 
1.77945 4.81216 -0.672263 
1.56482 3.52117 -0.91728 
1.56482 4.16667 -0.91728 
1.56482 4.81216 -0.91728 
1.37085 3.52117 -1.08852 
1.37085 4.16667 -1.08852 
1.37085 4.81216 -1.08852 
1.89335 5.18784 -0.462185 
1.89335 5.83333 -0.462185 
1.89335 6.47883 -0.462185 
1.77945 5.18784 -0.672263 
1.77945 5.83333 -0.672263 
1.77945 6.47883 -0.672263 
1.56482 5.18784 -0.91728 
1.56482 5.83333 -0.91728 
1.56482 6.47883 -0.91728 
1.37085 5.18784 -1.08852 
1.37085 5.83333 -1.08852 
1.37085 6.47883 -1.08852 
1.89335 6.8545 -0.462185 
1.89335 7.5 -0.462185 
1.89335 8.1455 -0.462185 
1.77945 6.8545 -0.672263 
1.77945 7.5 -0.672263 
1.77945 8.1455 -0.672263 
1.56482 6.8545 -0.91728 
1.56482 7.5 -0.91728 
1.56482 8.1455 -0.91728 
1.37085 6.8545 -1.08852 
1.37085 7.5 -1.08852 
1.37085 8.1455 -1.08852 
1.89335 8.52117 -0.462185 
1.89335 9.16667 -0.462185 
1.89335 9.81216 -0.462185 
1.77945 8.52117 -0.672263 
1.77945 9.16667 -0.672263 
1.77945 9.81216 -0.672263 
1.56482 8.52117 -0.91728 
1.56482 9.16667 -0.91728 
1.56482 9.81216 -0.91728 
1.37085 8.52117 -1.08852 
1.37085 9.16667 -1.08852 
1.37085 9.81216 -1.08852 
1.26349 0.187836 -1.17568 
1.26349 0.833333 -1.17568 
1.26349 1.47883 -1.17568 
1.06504 0.187836 -1.33731 
1.06504 0.833333 -1.33731 
1.06504 1.47883 -1.33731 
0.8347 0.187836 -1.5631 
0.8347 0.833333 -1.5631 
0.8347 1.47883 -1.5631 
0.700252 0.187836 -1.7644 
0.700252 0.833333 -1.7644 
0.700252 1.47883 -1.7644 
1.26349 1.8545 -1.17568 
1.26349 2.5 -1.17568 
1.26349 3.1455 -1.17568 
1.06504 1.8545 -1.33731 
1.06504 2.5 -1.33731 
1.06504 3.1455 -1.33731 
0.8347 1.8545 -1.5631 
0.8347 2.5 -1.5631 
0.8347 3.1455 -1.5631 
0.700252 1.8545 -1.7644 
0.700252 2.5 -1.7644 
0.700252 3.1455 -1.7644 
1.26349 3.52117 -1.17568 
1.26349 4.16667 -1.17568 
1.26349 4.81216 -1.17568 
1.06504 3.52117 -1.33731 
1.06504 4.16667 -1.33731 
1.06504 4.81216 -1.33731 
0.8347 3.52117 -1.5631 
0.8347 4.16667 -1.5631 
0.8347 4.81216 -1.5631 
0.700252 3.52117 -1.7644 
0.700252 4.16667 -1.7644 
0.700252 4.81216 -1.7644 
1.26349 5.18784 -1.17568 
1.26349 5.83333 -1.17568 
1.26349 6.47883 -1.17568 
1.06504 5.18784 -1.33731 
1.06504 5.83333 -1.33731 
1.06504 6.47883 -1.33731 
0.8347 5.18784 -1.5631 
0.8347 5.83333 -1.5631 
0.8347 6.47883 -1.5631 
0.700252 5.18784 -1.7644 
0.700252 5.83333 -1.7644 
0.700252 6.47883 -1.7644 
1.26349 6.8545 -1.17568 
1.26349 7.5 -1.17568 
1.26349 8.1455 -1.17568 
1.06504 6.8545 -1.33731 
1.06504 7.5 -1.33731 
1.06504 8.1455 -1.33731 
0.8347 6.8545 -1.5631 
0.8347 7.5 -1.5631 
0.8347 8.1455 -1.5631 
0.700252 6.8545 -1.7644 
0.700252 7.5 -1.7644 
0.700252 8.1455 -1.7644 
1.26349 8.52117 -1.17568 
1.26349 9.16667 -1.17568 
1.26349 9.81216 -1.17568 
1.06504 8.52117 -1.33731 
1.06504 9.16667 -1.33731 
1.06504 9.81216 -1.33731 
0.8347 8.52117 -1.5631 
0.8347 9.16667 -1.5631 
0.8347 9.81216 -1.5631 
0.700252 8.52117 -1.7644 
0.700252 9.16667 -1.7644 
0.700252 9.81216 -1.7644 
0.649642 0.187836 -1.88663 
0.649642 0.833333 -1.88663 
0.649642 1.47883 -1.88663 
0.601461 0.187836 -2.13482 
0.601461 0.833333 -2.13482 
0.601461 1.47883 -2.13482 
0.639997 0.187836 -2.43693 
0.639997 0.833333 -2.43693 
0.639997 1.47883 -2.43693 
0.755738 0.187836 -2.5989 
0.755738 0.833333 -2.5989 
0.755738 1.47883 -2.5989 
0.649642 1.8545 -1.88663 
0.649642 2.5 -1.88663 
0.649642 3.1455 -1.88663 
0.601461 1.8545 -2.13482 
0.601461 2.5 -2.13482 
0.601461 3.1455 -2.13482 
0.639997 1.8545 -2.43693 
0.639997 2.5 -2.43693 
0.639997 3.1455 -2.43693 
0.755738 1.8545 -2.5989 
0.755738 2.5 -2.5989 
0.755738 3.1455 -2.5989 
0.649642 3.52117 -1.88663 
0.649642 4.16667 -1.88663 
0.649642 4.81216 -1.88663 
0.601461 3.52117 -2.13482 
0.601461 4.16667 -2.13482 
0.601461 4.81216 -2.13482 
0.639997 3.52117 -2.43693 
0.639997 4.16667 -2.43693 
0.639997 4.81216 -2.43693 
0.755738 3.52117 -2.5989 
0.755738 4.16667 -2.5989 
0.755738 4.81216 -2.5989 
0.649642 5.18784 -1.88663 
0.649642 5.83333 -1.88663 
0.649642 6.47883 -1.88663 
0.601461 5.18784 -2.13482 
0.601461 5.83333 -2.13482 
0.601461 6.47883 -2.13482 
0.639997 5.18784 -2.43693 
0.639997 5.83333 -2.43693 
0.639997 6.47883 -2.43693 
0.755738 5.18784 -2.5989 
0.755738 5.83333 -2.5989 
0.755738 6.47883 -2.5989 
0.649642 6.8545 -1.88663 
0.649642 7.5 -1.88663 
0.649642 8.1455 -1.88663 
0.601461 6.8545 -2.13482 
0.601461 7.5 -2.13482 
0.601461 8.1455 -2.13482 
0.639997 6.8545 -2.43693 
0.639997 7.5 -2.43693 
0.639997 8.1455 -2.43693 
0.755738 6.8545 -2.5989 
0.755738 7.5 -2.5989 
0.755738 8.1455 -2.5989 
0.649642 8.52117 -1.88663 
0.649642 9.16667 -1.88663 
0.649642 9.81216 -1.88663 
0.601461 8.52117 -2.13482 
0.601461 9.16667 -2.13482 
0.601461 9.81216 -2.13482 
0.639997 8.52117 -2.43693 
0.639997 9.16667 -2.43693 
0.639997 9.81216 -2.43693 
0.755738 8.52117 -2.5989 
0.755738 9.16667 -2.5989 
0.755738 9.81216 -2.5989 
0.850363 0.187836 -2.64462 
0.850363 0.833333 -2.64462 
0.850363 1.47883 -2.64462 
1.07445 0.187836 -2.64723 
1.07445 0.833333 -2.64723 
1.07445 1.47883 -2.64723 
1.38203 0.187836 -2.51506 
1.38203 0.833333 -2.51506 
1.38203 1.47883 -2.51506 
1.56091 0.187836 -2.33518 
1.56091 0.833333 -2.33518 
1.56091 1.47883 -2.33518 
0.850363 1.8545 -2.64462 
0.850363 2.5 -2.64462 
0.850363 3.1455 -2.64462 
1.07445 1.8545 -2.64723 
1.07445 2.5 -2.64723 
1.07445 3.1455 -2.64723 
1.38203 1.8545 -2.51506 
1.38203 2.5 -2.51506 
1.38203 3.1455 -2.51506 
1.56091 1.8545 -2.33518 
1.56091 2.5 -2.33518 
1.56091 3.1455 -2.33518 
0.850363 3.52117 -2.64462 
0.850363 4.16667 -2.64462 
0.850363 4.81216 -2.64462 
1.07445 3.52117 -2.64723 
1.07445 4.16667 -2.64723 
1.07445 4.81216 -2.64723 
1.38203 3.52117 -2.51506 
1.38203 4.16667 -2.51506 
1.38203 4.81216 -2.51506 
1.56091 3.52117 -2.33518 
1.56091 4.16667 -2.33518 
1.56091 4.81216 -2.33518 
0.850363 5.18784 -2.64462 
0.850363 5.83333 -2.64462 
0.850363 6.47883 -2.64462 
1.07445 5.18784 -2.64723 
1.07445 5.83333 -2.64723 
1.07445 6.47883 -2.64723 
1.38203 5.18784 -2.51506 
1.38203 5.83333 -2.51506 
1.38203 6.47883 -2.51506 
1.56091 5.18784 -2.33518 
1.56091 5.83333 -2.33518 
1.56091 6.47883 -2.33518 
0.850363 6.8545 -2.64462 
0.850363 7.5 -2.64462 
0.850363 8.1455 -2.64462 
1.07445 6.8545 -2.64723 
1.07445 7.5 -2.64723 
1.07445 8.1455 -2.64723 
1.38203 6.8545 -2.51506 
1.38203 7.5 -2.51506 
1.38203 8.1455 -2.51506 
1.56091 6.8545 -2.33518 
1.56091 7.5 -2.33518 
1.56091 8.1455 -2.33518 
0.850363 8.52117 -2.64462 
0.850363 9.16667 -2.64462 
0.850363 9.81216 -2.64462 
1.07445 8.52117 -2.64723 
1.07445 9.16667 -2.64723 
1.07445 9.81216 -2.64723 
1.38203 8.52117 -2.51506 
1.38203 9.16667 -2.51506 
1.38203 9.81216 -2.51506 
1.56091 8.52117 -2.33518 
1.56091 9.16667 -2.33518 
1.56091 9.81216 -2.33518 
1.61559 0.187836 -2.21918 
1.61559 0.833333 -2.21918 
1.61559 1.47883 -2.21918 
1.64377 0.187836 -1.97755 
1.64377 0.833333 -1.97755 
1.64377 1.47883 -1.97755 
1.61818 0.187836 -1.64776 
1.61818 0.833333 -1.64776 
1.61818 1.47883 -1.64776 
1.62659 0.187836 -1.41283 
1.62659 0.833333 -1.41283 
1.62659 1.47883 -1.41283 
1.61559 1.8545 -2.21918 
1.61559 2.5 -2.21918 
1.61559 3.1455 -2.21918 
1.64377 1.8545 -1.97755 
1.64377 2.5 -1.97755 
1.64377 3.1455 -1.97755 
1.61818 1.8545 -1.64776 
1.61818 2.5 -1.64776 
1.61818 3.1455 -1.64776 
1.62659 1.8545 -1.41283 
1.62659 2.5 -1.41283 
1.62659 3.1455 -1.41283 
1.61559 3.52117 -2.21918 
1.61559 4.16667 -2.21918 
1.61559 4.81216 -2.21918 
1.64377 3.52117 -1.97755 
1.64377 4.16667 -1.97755 
1.64377 4.81216 -1.97755 
1.61818 3.52117 -1.64776 
1.61818 4.16667 -1.64776 
1.61818 4.81216 -1.64776 
1.62659 3.52117 -1.41283 
1.62659 4.16667 -1.41283 
1.62659 4.81216 -1.41283 
1.61559 5.18784 -2.21918 
1.61559 5.83333 -2.21918 
1.61559 6.47883 -2.21918 
1.64377 5.18784 -1.97755 
1.64377 5.83333 -1.97755 
1.64377 6.47883 -1.97755 
1.61818 5.18784 -1.64776 
1.61818 5.83333 -1.64776 
1.61818 6.47883 -1.64776 
1.62659 5.18784 -1.41283 
1.62659 5.83333 -1.41283 
1.62659 6.47883 -1.41283 
1.61559 6.8545 -2.21918 
1.61559 7.5 -2.21918 
1.61559 8.1455 -2.21918 
1.64377 6.8545 -1.97755 
1.64377 7.5 -1.97755 
1.64377 8.1455 -1.97755 
1.61818 6.8545 -1.64776 
1.61818 7.5 -1.64776 
1.61818 8.1455 -1.64776 
1.62659 6.8545 -1.41283 
1.62659 7.5 -1.41283 
1.62659 8.1455 -1.41283 
1.61559 8.52117 -2.21918 
1.61559 9.16667 -2.21918 
1.61559 9.81216 -2.21918 
1.64377 8.52117 -1.97755 
1.64377 9.16667 -1.97755 
1.64377 9.81216 -1.97755 
1.61818 8.52117 -1.64776 
1.61818 9.16667 -1.64776 
1.61818 9.81216 -1.64776 
1.62659 8.52117 -1.41283 
1.62659 9.16667 -1.41283 
1.62659 9.81216 -1.41283 
1.66378 0.187836 -1.30268 
1.66378 0.833333 -1.30268 
1.66378 1.47883 -1.30268 
1.80413 0.187836 -1.12836 
1.80413 0.833333 -1.12836 
1.80413 1.47883 -1.12836 
2.082 0.187836 -0.950568 
2.082 0.833333 -0.950568 
2.082 1.47883 -0.950568 
2.3277 0.187836 -0.83965 
2.3277 0.833333 -0.83965 
2.3277 1.47883 -0.83965 
1.66378 1.8545 -1.30268 
1.66378 2.5 -1.30268 
1.66378 3.1455 -1.30268 
1.80413 1.8545 -1.12836 
1.80413 2.5 -1.12836 
1.80413 3.1455 -1.12836 
2.082 1.8545 -0.950568 
2.082 2.5 -0.950568 
2.082 3.1455 -0.950568 
2.3277 1.8545 -0.83965 
2.3277 2.5 -0.83965 
2.3277 3.1455 -0.83965 
1.66378 3.52117 -1.30268 
1.66378 4.16667 -1.30268 
1.66378 4.81216 -1.30268 
1.80413 3.52117 -1.12836 
1.80413 4.16667 -1.12836 
1.80413 4.81216 -1.12836 
2.082 3.52117 -0.950568 
2.082 4.16667 -0.950568 
2.082 4.81216 -0.950568 
2.3277 3.52117 -0.83965 
2.3277 4.16667 -0.83965 
2.3277 4.81216 -0.83965 
1.66378 5.18784 -1.30268 
1.66378 5.83333 -1.30268 
1.66378 6.47883 -1.30268 
1.80413 5.18784 -1.12836 
1.80413 5.83333 -1.12836 
1.80413 6.47883 -1.12836 
2.082 5.18784 -0.950568 
2.082 5.83333 -0.950568 
2.082 6.47883 -0.950568 
2.3277 5.18784 -0.83965 
2.3277 5.83333 -0.83965 
2.3277 6.47883 -0.83965 
1.66378 6.8545 -1.30268 
1.66378 7.5 -1.30268 
1.66378 8.1455 -1.30268 
1.80413 6.8545 -1.12836 
1.80413 7.5 -1.12836 
1.80413 8.1455 -1.12836 
2.082 6.8545 -0.950568 
2.082 7.5 -0.950568 
2.082 8.1455 -0.950568 
2.3277 6.8545 -0.83965 
2.3277 7.5 -0.83965 
2.3277 8.1455 -0.83965 
1.66378 8.52117 -1.30268 
1.66378 9.16667 -1.30268 
1.66378 9.81216 -1.30268 
1.80413 8.52117 -1.12836 
1.80413 9.16667 -1.12836 
1.80413 9.81216 -1.12836 
2.082 8.52117 -0.950568 
2.082 9.16667 -0.950568 
2.082 9.81216 -0.950568 
2.3277 8.52117 -0.83965 
2.3277 9.16667 -0.83965 
2.3277 9.81216 -0.83965 
2.4582 0.187836 -0.785679 
2.4582 0.833333 -0.785679 
2.4582 1.47883 -0.785679 
2.69366 0.187836 -0.689872 
2.69366 0.833333 -0.689872 
2.69366 1.47883 -0.689872 
2.98871 0.187836 -0.571416 
2.98871 0.833333 -0.571416 
2.98871 1.47883 -0.571416 
3.2116 0.187836 -0.481979 
3.2116 0.833333 -0.481979 
3.2116 1.47883 -0.481979 
2.4582 1.8545 -0.785679 
2.4582 2.5 -0.785679 
2.4582 3.1455 -0.785679 
2.69366 1.8545 -0.689872 
2.69366 2.5 -0.689872 
2.69366 3.1455 -0.689872 
2.98871 1.8545 -0.571416 
2.98871 2.5 -0.571416 
2.98871 3.1455 -0.571416 
3.2116 1.8545 -0.481979 
3.2116 2.5 -0.481979 
3.2116 3.1455 -0.481979 
2.4582 3.52117 -0.785679 
2.4582 4.16667 -0.785679 
2.4582 4.81216 -0.785679 
2.69366 3.52117 -0.689872 
2.69366 4.16667 -0.689872 
2.69366 4.81216 -0.689872 
2.98871 3.52117 -0.571416 
2.98871 4.16667 -0.571416 
2.98871 4.81216 -0.571416 
3.2116 3.52117 -0.481979 
3.2116 4.16667 -0.481979 
3.2116 4.81216 -0.481979 
2.4582 5.18784 -0.785679 
2.4582 5.83333 -0.785679 
2.4582 6.47883 -0.785679 
2.69366 5.18784 -0.689872 
2.69366 5.83333 -0.689872 
2.69366 6.47883 -0.689872 
2.98871 5.18784 -0.571416 
2.98871 5.83333 -0.571416 
2.98871 6.47883 -0.571416 
3.2116 5.18784 -0.481979 
3.2116 5.83333 -0.481979 
3.2116 6.47883 -0.481979 
2.4582 6.8545 -0.785679 
2.4582 7.5 -0.785679 
2.4582 8.1455 -0.785679 
2.69366 6.8545 -0.689872 
2.69366 7.5 -0.689872 
2.69366 8.1455 -0.689872 
2.98871 6.8545 -0.571416 
2.98871 7.5 -0.571416 
2.98871 8.1455 -0.571416 
3.2116 6.8545 -0.481979 
3.2116 7.5 -0.481979 
3.2116 8.1455 -0.481979 
2.4582 8.52117 -0.785679 
2.4582 9.16667 -0.785679 
2.4582 9.81216 -0.785679 
2.69366 8.52117 -0.689872 
2.69366 9.16667 -0.689872 
2.69366 9.81216 -0.689872 
2.98871 8.52117 -0.571416 
2.98871 9.16667 -0.571416 
2.98871 9.81216 -0.571416 
3.2116 8.52117 -0.481979 
3.2116 9.16667 -0.481979 
3.2116 9.81216 -0.481979 
3.33105 0.187836 -0.433693 
3.33105 0.833333 -0.433693 
3.33105 1.47883 -0.433693 
3.55751 0.187836 -0.341094 
3.55751 0.833333 -0.341094 
3.55751 1.47883 -0.341094 
3.85554 0.187836 -0.216842 
3.85554 0.833333 -0.216842 
3.85554 1.47883 -0.216842 
4.08406 0.187836 -0.119425 
4.08406 0.833333 -0.119425 
4.08406 1.47883 -0.119425 
3.33105 1.8545 -0.433693 
3.33105 2.5 -0.433693 
3.33105 3.1455 -0.433693 
3.55751 1.8545 -0.341094 
3.55751 2.5 -0.341094 
3.55751 3.1455 -0.341094 
3.85554 1.8545 -0.216842 
3.85554 2.5 -0.216842 
3.85554 3.1455 -0.216842 
4.08406 1.8545 -0.119425 
4.08406 2.5 -0.119425 
4.08406 3.1455 -0.119425 
3.33105 3.52117 -0.433693 
3.33105 4.16667 -0.433693 
3.33105 4.81216 -0.433693 
3.55751 3.52117 -0.341094 
3.55751 4.16667 -0.341094 
3.55751 4.81216 -0.341094 
3.85554 3.52117 -0.216842 
3.85554 4.16667 -0.216842 
3.85554 4.81216 -0.216842 
4.08406 3.52117 -0.119425 
4.08406 4.16667 -0.119425 
4.08406 4.81216 -0.119425 
3.33105 5.18784 -0.433693 
3.33105 5.83333 -0.433693 
3.33105 6.47883 -0.433693 
3.55751 5.18784 -0.341094 
3.55751 5.83333 -0.341094 
3.55751 6.47883 -0.341094 
3.85554 5.18784 -0.216842 
3.85554 5.83333 -0.216842 
3.85554 6.47883 -0.216842 
4.08406 5.18784 -0.119425 
4.08406 5.83333 -0.119425 
4.08406 6.47883 -0.119425 
3.33105 6.8545 -0.433693 
3.33105 7.5 -0.433693 
3.33105 8.1455 -0.433693 
3.55751 6.8545 -0.341094 
3.55751 7.5 -0.341094 
3.55751 8.1455 -0.341094 
3.85554 6.8545 -0.216842 
3.85554 7.5 -0.216842 
3.85554 8.1455 -0.216842 
4.08406 6.8545 -0.119425 
4.08406 7.5 -0.119425 
4.08406 8.1455 -0.119425 
3.33105 8.52117 -0.433693 
3.33105 9.16667 -0.433693 
3.33105 9.81216 -0.433693 
3.55751 8.52117 -0.341094 
3.55751 9.16667 -0.341094 
3.55751 9.81216 -0.341094 
3.85554 8.52117 -0.216842 
3.85554 9.16667 -0.216842 
3.85554 9.81216 -0.216842 
4.08406 8.52117 -0.119425 
4.08406 9.16667 -0.119425 
4.08406 9.81216 -0.119425 
4.20532 0.187836 -0.0668732 
4.20532 0.833333 -0.0668732 
4.20532 1.47883 -0.0668732 
4.43154 0.187836 0.0328414 
4.43154 0.833333 0.0328414 
4.43154 1.47883 0.0328414 
4.72462 0.187836 0.165171 
4.72462 0.833333 0.165171 
4.72462 1.47883 0.165171 
4.94816 0.187836 0.268372 
4.94816 0.833333 0.268372 
4.94816 1.47883 0.268372 
4.20532 1.8545 -0.0668732 
4.20532 2.5 -0.0668732 
4.20532 3.1455 -0.0668732 
4.43154 1.8545 0.0328414 
4.43154 2.5 0.0328414 
4.43154 3.1455 0.0328414 
4.72462 1.8545 0.165171 
4.72462 2.5 0.165171 
4.72462 3.1455 0.165171 
4.94816 1.8545 0.268372 
4.94816 2.5 0.268372 
4.94816 3.1455 0.268372 
4.20532 3.52117 -0.0668732 
4.20532 4.16667 -0.0668732 
4.20532 4.81216 -0.0668732 
4.43154 3.52117 0.0328414 
4.43154 4.16667 0.0328414 
4.43154 4.81216 0.0328414 
4.72462 3.52117 0.165171 
4.72462 4.16667 0.165171 
4.72462 4.81216 0.165171 
4.94816 3.52117 0.268372 
4.94816 4.16667 0.268372 
4.94816 4.81216 0.268372 
4.20532 5.18784 -0.0668732 
4.20532 5.83333 -0.0668732 
4.20532 6.47883 -0.0668732 
4.43154 5.18784 0.0328414 
4.43154 5.83333 0.0328414 
4.43154 6.47883 0.0328414 
4.72462 5.18784 0.165171 
4.72462 5.83333 0.165171 
4.72462 6.47883 0.165171 
4.94816 5.18784 0.268372 
4.94816 5.83333 0.268372 
4.94816 6.47883 0.268372 
4.20532 6.8545 -0.0668732 
4.20532 7.5 -0.0668732 
4.20532 8.1455 -0.0668732 
4.43154 6.8545 0.0328414 
4.43154 7.5 0.0328414 
4.43154 8.1455 0.0328414 
4.72462 6.8545 0.165171 
4.72462 7.5 0.165171 
4.72462 8.1455 0.165171 
4.94816 6.8545 0.268372 
4.94816 7.5 0.268372 
4.94816 8.1455 0.268372 
4.20532 8.52117 -0.0668732 
4.20532 9.16667 -0.0668732 
4.20532 9.81216 -0.0668732 
4.43154 8.52117 0.0328414 
4.43154 9.16667 0.0328414 
4.43154 9.81216 0.0328414 
4.72462 8.52117 0.165171 
4.72462 9.16667 0.165171 
4.72462 9.81216 0.165171 
4.94816 8.52117 0.268372 
4.94816 9.16667 0.268372 
4.94816 9.81216 0.268372 
5.06705 0.187836 0.324018 
5.06705 0.833333 0.324018 
5.06705 1.47883 0.324018 
5.28982 0.187836 0.429646 
5.28982 0.833333 0.429646 
5.28982 1.47883 0.429646 
5.57968 0.187836 0.569697 
5.57968 0.833333 0.569697 
5.57968 1.47883 0.569697 
5.80114 0.187836 0.678633 
5.80114 0.833333 0.678633 
5.80114 1.47883 0.678633 
5.06705 1.8545 0.324018 
5.06705 2.5 0.324018 
5.06705 3.1455 0.324018 
5.28982 1.8545 0.429646 
5.28982 2.5 0.429646 
5.28982 3.1455 0.429646 
5.57968 1.8545 0.569697 
5.57968 2.5 0.569697 
5.57968 3.1455 0.569697 
5.80114 1.8545 0.678633 
5.80114 2.5 0.678633 
5.80114 3.1455 0.678633 
5.06705 3.52117 0.324018 
5.06705 4.16667 0.324018 
5.06705 4.81216 0.324018 
5.28982 3.52117 0.429646 
5.28982 4.16667 0.429646 
5.28982 4.81216 0.429646 
5.57968 3.52117 0.569697 
5.57968 4.16667 0.569697 
5.57968 4.81216 0.569697 
5.80114 3.52117 0.678633 
5.80114 4.16667 0.678633 
5.80114 4.81216 0.678633 
5.06705 5.18784 0.324018 
5.06705 5.83333 0.324018 
5.06705 6.47883 0.324018 
5.28982 5.18784 0.429646 
5.28982 5.83333 0.429646 
5.28982 6.47883 0.429646 
5.57968 5.18784 0.569697 
5.57968 5.83333 0.569697 
5.57968 6.47883 0.569697 
5.80114 5.18784 0.678633 
5.80114 5.83333 0.678633 
5.80114 6.47883 0.678633 
5.06705 6.8545 0.324018 
5.06705 7.5 0.324018 
5.06705 8.1455 0.324018 
5.28982 6.8545 0.429646 
5.28982 7.5 0.429646 
5.28982 8.1455 0.429646 
5.57968 6.8545 0.569697 
5.57968 7.5 0.569697 
5.57968 8.1455 0.569697 
5.80114 6.8545 0.678633 
5.80114 7.5 0.678633 
5.80114 8.1455 0.678633 
5.06705 8.52117 0.324018 
5.06705 9.16667 0.324018 
5.06705 9.81216 0.324018 
5.28982 8.52117 0.429646 
5.28982 9.16667 0.429646 
5.28982 9.81216 0.429646 
5.57968 8.52117 0.569697 
5.57968 9.16667 0.569697 
5.57968 9.81216 0.569697 
5.80114 8.52117 0.678633 
5.80114 9.16667 0.678633 
5.80114 9.81216 0.678633 
5.91888 0.187836 0.737215 
5.91888 0.833333 0.737215 
5.91888 1.47883 0.737215 
6.13928 0.187836 0.848092 
6.13928 0.833333 0.848092 
6.13928 1.47883 0.848092 
6.42585 0.187836 0.994552 
6.42585 0.833333 0.994552 
6.42585 1.47883 0.994552 
6.64479 0.187836 1.10813 
6.64479 0.833333 1.10813 
6.64479 1.47883 1.10813 
5.91888 1.8545 0.737215 
5.91888 2.5 0.737215 
5.91888 3.1455 0.737215 
6.13928 1.8545 0.848092 
6.13928 2.5 0.848092 
6.13928 3.1455 0.848092 
6.42585 1.8545 0.994552 
6.42585 2.5 0.994552 
6.42585 3.1455 0.994552 
6.64479 1.8545 1.10813 
6.64479 2.5 1.10813 
6.64479 3.1455 1.10813 
5.91888 3.52117 0.737215 
5.91888 4.16667 0.737215 
5.91888 4.81216 0.737215 
6.13928 3.52117 0.848092 
6.13928 4.16667 0.848092 
6.13928 4.81216 0.848092 
6.42585 3.52117 0.994552 
6.42585 4.16667 0.994552 
6.42585 4.81216 0.994552 
6.64479 3.52117 1.10813 
6.64479 4.16667 1.10813 
6.64479 4.81216 1.10813 
5.91888 5.18784 0.737215 
5.91888 5.83333 0.737215 
5.91888 6.47883 0.737215 
6.13928 5.18784 0.848092 
6.13928 5.83333 0.848092 
6.13928 6.47883 0.848092 
6.42585 5.18784 0.994552 
6.42585 5.83333 0.994552 
6.42585 6.47883 0.994552 
6.64479 5.18784 1.10813 
6.64479 5.83333 1.10813 
6.64479 6.47883 1.10813 
5.91888 6.8545 0.737215 
5.91888 7.5 0.737215 
5.91888 8.1455 0.737215 
6.13928 6.8545 0.848092 
6.13928 7.5 0.848092 
6.13928 8.1455 0.848092 
6.42585 6.8545 0.994552 
6.42585 7.5 0.994552 
6.42585 8.1455 0.994552 
6.64479 6.8545 1.10813 
6.64479 7.5 1.10813 
6.64479 8.1455 1.10813 
5.91888 8.52117 0.737215 
5.91888 9.16667 0.737215 
5.91888 9.81216 0.737215 
6.13928 8.52117 0.848092 
6.13928 9.16667 0.848092 
6.13928 9.81216 0.848092 
6.42585 8.52117 0.994552 
6.42585 9.16667 0.994552 
6.42585 9.81216 0.994552 
6.64479 8.52117 1.10813 
6.64479 9.16667 1.10813 
6.64479 9.81216 1.10813 
6.76124 0.187836 1.1691 
6.76124 0.833333 1.1691 
6.76124 1.47883 1.1691 
6.97933 0.187836 1.28434 
6.97933 0.833333 1.28434 
6.97933 1.47883 1.28434 
7.26309 0.187836 1.43624 
7.26309 0.833333 1.43624 
7.26309 1.47883 1.43624 
7.47997 0.187836 1.55378 
7.47997 0.833333 1.55378 
7.47997 1.47883 1.55378 
6.76124 1.8545 1.1691 
6.76124 2.5 1.1691 
6.76124 3.1455 1.1691 
6.97933 1.8545 1.28434 
6.97933 2.5 1.28434 
6.97933 3.1455 1.28434 
7.26309 1.8545 1.43624 
7.26309 2.5 1.43624 
7.26309 3.1455 1.43624 
7.47997 1.8545 1.55378 
7.47997 2.5 1.55378 
7.47997 3.1455 1.55378 
6.76124 3.52117 1.1691 
6.76124 4.16667 1.1691 
6.76124 4.81216 1.1691 
6.97933 3.52117 1.28434 
6.97933 4.16667 1.28434 
6.97933 4.81216 1.28434 
7.26309 3.52117 1.43624 
7.26309 4.16667 1.43624 
7.26309 4.81216 1.43624 
7.47997 3.52117 1.55378 
7.47997 4.16667 1.55378 
7.47997 4.81216 1.55378 
6.76124 5.18784 1.1691 
6.76124 5.83333 1.1691 
6.76124 6.47883 1.1691 
6.97933 5.18784 1.28434 
6.97933 5.83333 1.28434 
6.97933 6.47883 1.28434 
7.26309 5.18784 1.43624 
7.26309 5.83333 1.43624 
7.26309 6.47883 1.43624 
7.47997 5.18784 1.55378 
7.47997 5.83333 1.55378 
7.47997 6.47883 1.55378 
6.76124 6.8545 1.1691 
6.76124 7.5 1.1691 
6.76124 8.1455 1.1691 
6.97933 6.8545 1.28434 
6.97933 7.5 1.28434 
6.97933 8.1455 1.28434 
7.26309 6.8545 1.43624 
7.26309 7.5 1.43624 
7.26309 8.1455 1.43624 
7.47997 6.8545 1.55378 
7.47997 7.5 1.55378 
7.47997 8.1455 1.55378 
6.76124 8.52117 1.1691 
6.76124 9.16667 1.1691 
6.76124 9.81216 1.1691 
6.97933 8.52117 1.28434 
6.97933 9.16667 1.28434 
6.97933 9.81216 1.28434 
7.26309 8.52117 1.43624 
7.26309 9.16667 1.43624 
7.26309 9.81216 1.43624 
7.47997 8.52117 1.55378 
7.47997 9.16667 1.55378 
7.47997 9.81216 1.55378 
7.59534 0.187836 1.61681 
7.59534 0.833333 1.61681 
7.59534 1.47883 1.61681 
7.81145 0.187836 1.73577 
7.81145 0.833333 1.73577 
7.81145 1.47883 1.73577 
8.09267 0.187836 1.89229 
8.09267 0.833333 1.89229 
8.09267 1.47883 1.89229 
8.30767 0.187836 2.01322 
8.30767 0.833333 2.01322 
8.30767 1.47883 2.01322 
7.59534 1.8545 1.61681 
7.59534 2.5 1.61681 
7.59534 3.1455 1.61681 
7.81145 1.8545 1.73577 
7.81145 2.5 1.73577 
7.81145 3.1455 1.73577 
8.09267 1.8545 1.89229 
8.09267 2.5 1.89229 
8.09267 3.1455 1.89229 
8.30767 1.8545 2.01322 
8.30767 2.5 2.01322 
8.30767 3.1455 2.01322 
7.59534 3.52117 1.61681 
7.59534 4.16667 1.61681 
7.59534 4.81216 1.61681 
7.81145 3.52117 1.73577 
7.81145 4.16667 1.73577 
7.81145 4.81216 1.73577 
8.09267 3.52117 1.89229 
8.09267 4.16667 1.89229 
8.09267 4.81216 1.89229 
8.30767 3.52117 2.01322 
8.30767 4.16667 2.01322 
8.30767 4.81216 2.01322 
7.59534 5.18784 1.61681 
7.59534 5.83333 1.61681 
7.59534 6.47883 1.61681 
7.81145 5.18784 1.73577 
7.81145 5.83333 1.73577 
7.81145 6.47883 1.73577 
8.09267 5.18784 1.89229 
8.09267 5.83333 1.89229 
8.09267 6.47883 1.89229 
8.30767 5.18784 2.01322 
8.30767 5.83333 2.01322 
8.30767 6.47883 2.01322 
7.59534 6.8545 1.61681 
7.59534 7.5 1.61681 
7.59534 8.1455 1.61681 
7.81145 6.8545 1.73577 
7.81145 7.5 1.73577 
7.81145 8.1455 1.73577 
8.09267 6.8545 1.89229 
8.09267 7.5 1.89229 
8.09267 8.1455 1.89229 
8.30767 6.8545 2.01322 
8.30767 7.5 2.01322 
8.30767 8.1455 2.01322 
7.59534 8.52117 1.61681 
7.59534 9.16667 1.61681 
7.59534 9.81216 1.61681 
7.81145 8.52117 1.73577 
7.81145 9.16667 1.73577 
7.81145 9.81216 1.73577 
8.09267 8.52117 1.89229 
8.09267 9.16667 1.89229 
8.09267 9.81216 1.89229 
8.30767 8.52117 2.01322 
8.30767 9.16667 2.01322 
8.30767 9.81216 2.01322 
8.42206 0.187836 2.078 
8.42206 0.833333 2.078 
8.42206 1.47883 2.078 
8.63637 0.187836 2.20015 
8.63637 0.833333 2.20015 
8.63637 1.47883 2.20015 
8.91534 0.187836 2.36066 
8.91534 0.833333 2.36066 
8.91534 1.47883 2.36066 
9.12866 0.187836 2.48453 
9.12866 0.833333 2.48453 
9.12866 1.47883 2.48453 
8.42206 1.8545 2.078 
8.42206 2.5 2.078 
8.42206 3.1455 2.078 
8.63637 1.8545 2.20015 
8.63637 2.5 2.20015 
8.63637 3.1455 2.20015 
8.91534 1.8545 2.36066 
8.91534 2.5 2.36066 
8.91534 3.1455 2.36066 
9.12866 1.8545 2.48453 
9.12866 2.5 2.48453 
9.12866 3.1455 2.48453 
8.42206 3.52117 2.078 
8.42206 4.16667 2.078 
8.42206 4.81216 2.078 
8.63637 3.52117 2.20015 
8.63637 4.16667 2.20015 
8.63637 4.81216 2.20015 
8.91534 3.52117 2.36066 
8.91534 4.16667 2.36066 
8.91534 4.81216 2.36066 
9.12866 3.52117 2.48453 
9.12866 4.16667 2.48453 
9.12866 4.81216 2.48453 
8.42206 5.18784 2.078 
8.42206 5.83333 2.078 
8.42206 6.47883 2.078 
8.63637 5.18784 2.20015 
8.63637 5.83333 2.20015 
8.63637 6.47883 2.20015 
8.91534 5.18784 2.36066 
8.91534 5.83333 2.36066 
8.91534 6.47883 2.36066 
9.12866 5.18784 2.48453 
9.12866 5.83333 2.48453 
9.12866 6.47883 2.48453 
8.42206 6.8545 2.078 
8.42206 7.5 2.078 
8.42206 8.1455 2.078 
8.63637 6.8545 2.20015 
8.63637 7.5 2.20015 
8.63637 8.1455 2.20015 
8.91534 6.8545 2.36066 
8.91534 7.5 2.36066 
8.91534 8.1455 2.36066 
9.12866 6.8545 2.48453 
9.12866 7.5 2.48453 
9.12866 8.1455 2.48453 
8.42206 8.52117 2.078 
8.42206 9.16667 2.078 
8.42206 9.81216 2.078 
8.63637 8.52117 2.20015 
8.63637 9.16667 2.20015 
8.63637 9.81216 2.20015 
8.91534 8.52117 2.36066 
8.91534 9.16667 2.36066 
8.91534 9.81216 2.36066 
9.12866 8.52117 2.48453 
9.12866 9.16667 2.48453 
9.12866 9.81216 2.48453 
9.24218 0.187836 2.55083 
9.24218 0.833333 2.55083 
9.24218 1.47883 2.55083 
9.45488 0.187836 2.67576 
9.45488 0.833333 2.67576 
9.45488 1.47883 2.67576 
9.73181 0.187836 2.83977 
9.73181 0.833333 2.83977 
9.73181 1.47883 2.83977 
9.94362 0.187836 2.9662 
9.94362 0.833333 2.9662 
9.94362 1.47883 2.9662 
9.24218 1.8545 2.55083 
9.24218 2.5 2.55083 
9.24218 3.1455 2.55083 
9.45488 1.8545 2.67576 
9.45488 2.5 2.67576 
9.45488 3.1455 2.67576 
9.73181 1.8545 2.83977 
9.73181 2.5 2.83977 
9.73181 3.1455 2.83977 
9.94362 1.8545 2.9662 
9.94362 2.5 2.9662 
9.94362 3.1455 2.9662 
9.24218 3.52117 2.55083 
9.24218 4.16667 2.55083 
9.24218 4.81216 2.55083 
9.45488 3.52117 2.67576 
9.45488 4.16667 2.67576 
9.45488 4.81216 2.67576 
9.73181 3.52117 2.83977 
9.73181 4.16667 2.83977 
9.73181 4.81216 2.83977 
9.94362 3.52117 2.9662 
9.94362 4.16667 2.9662 
9.94362 4.81216 2.9662 
9.24218 5.18784 2.55083 
9.24218 5.83333 2.55083 
9.24218 6.47883 2.55083 
9.45488 5.18784 2.67576 
9.45488 5.83333 2.67576 
9.45488 6.47883 2.67576 
9.73181 5.18784 2.83977 
9.73181 5.83333 2.83977 
9.73181 6.47883 2.83977 
9.94362 5.18784 2.9662 
9.94362 5.83333 2.9662 
9.94362 6.47883 2.9662 
9.24218 6.8545 2.55083 
9.24218 7.5 2.55083 
9.24218 8.1455 2.55083 
9.45488 6.8545 2.67576 
9.45488 7.5 2.67576 
9.45488 8.1455 2.67576 
9.73181 6.8545 2.83977 
9.73181 7.5 2.83977 
9.73181 8.1455 2.83977 
9.94362 6.8545 2.9662 
9.94362 7.5 2.9662 
9.94362 8.1455 2.9662 
9.24218 8.52117 2.55083 
9.24218 9.16667 2.55083 
9.24218 9.81216 2.55083 
9.45488 8.52117 2.67576 
9.45488 9.16667 2.67576 
9.45488 9.81216 2.67576 
9.73181 8.52117 2.83977 
9.73181 9.16667 2.83977 
9.73181 9.81216 2.83977 
9.94362 8.52117 2.9662 
9.94362 9.16667 2.9662 
9.94362 9.81216 2.9662 
