1.18135e-06 -0.0288675 -5.22524e-05 
8.78466e-06 -0.0288675 -0.000262015 
2.88339e-05 -0.0288675 -0.000588383 
6.12331e-05 -0.0288675 -0.000956335 
9.6315e-05 -0.0288675 -0.0012816 
0.000121148 -0.0288675 -0.00149012 
1.18135e-06 0.0288675 -5.22524e-05 
8.78466e-06 0.0288675 -0.000262015 
2.88339e-05 0.0288675 -0.000588383 
6.12331e-05 0.0288675 -0.000956335 
9.6315e-05 0.0288675 -0.0012816 
0.000121148 0.0288675 -0.00149012 
0.000132952 -0.0288675 -0.0015851 
0.000155162 -0.0288675 -0.00175814 
0.000191418 -0.0288675 -0.00202743 
0.000234801 -0.0288675 -0.00233111 
0.000275577 -0.0288675 -0.00259964 
0.000303036 -0.0288675 -0.00277182 
0.000132952 0.0288675 -0.0015851 
0.000155162 0.0288675 -0.00175814 
0.000191418 0.0288675 -0.00202743 
0.000234801 0.0288675 -0.00233111 
0.000275577 0.0288675 -0.00259964 
0.000303036 0.0288675 -0.00277182 
0.000319925 -0.0288675 -0.00287447 
0.000360971 -0.0288675 -0.00311455 
0.000429092 -0.0288675 -0.00348799 
0.00051163 -0.0288675 -0.00390889 
0.000588881 -0.0288675 -0.00428084 
0.000640145 -0.0288675 -0.00451923 
0.000319925 0.0288675 -0.00287447 
0.000360971 0.0288675 -0.00311455 
0.000429092 0.0288675 -0.00348799 
0.00051163 0.0288675 -0.00390889 
0.000588881 0.0288675 -0.00428084 
0.000640145 0.0288675 -0.00451923 
0.000669758 -0.0288675 -0.0046545 
0.000737751 -0.0288675 -0.00495935 
0.000846663 -0.0288675 -0.00543334 
0.000974051 -0.0288675 -0.00596725 
0.0010912 -0.0288675 -0.00643881 
0.00116883 -0.0288675 -0.0067409 
0.000669758 0.0288675 -0.0046545 
0.000737751 0.0288675 -0.00495935 
0.000846663 0.0288675 -0.00543334 
0.000974051 0.0288675 -0.00596725 
0.0010912 0.0288675 -0.00643881 
0.00116883 0.0288675 -0.0067409 
0.00121255 -0.0288675 -0.00690743 
0.00131122 -0.0288675 -0.00727416 
0.00147113 -0.0288675 -0.00784408 
0.00166027 -0.0288675 -0.00848565 
0.00183442 -0.0288675 -0.00905196 
0.00194905 -0.0288675 -0.00941458 
0.00121255 0.0288675 -0.00690743 
0.00131122 0.0288675 -0.00727416 
0.00147113 0.0288675 -0.00784408 
0.00166027 0.0288675 -0.00848565 
0.00183442 0.0288675 -0.00905196 
0.00194905 0.0288675 -0.00941458 
0.00201197 -0.0288675 -0.00961072 
0.00215044 -0.0288675 -0.0100358 
0.00237099 -0.0288675 -0.0106961 
0.00262708 -0.0288675 -0.0114389 
0.00286038 -0.0288675 -0.0120942 
0.00301356 -0.0288675 -0.0125136 
0.00201197 0.0288675 -0.00961072 
0.00215044 0.0288675 -0.0100358 
0.00237099 0.0288675 -0.0106961 
0.00262708 0.0288675 -0.0114389 
0.00286038 0.0288675 -0.0120942 
0.00301356 0.0288675 -0.0125136 
0.00309658 -0.0288675 -0.0127374 
0.00327747 -0.0288675 -0.0132167 
0.00356663 -0.0288675 -0.0139608 
0.00390355 -0.0288675 -0.0147975 
0.00421037 -0.0288675 -0.0155351 
0.00441118 -0.0288675 -0.016007 
0.00309658 0.0288675 -0.0127374 
0.00327747 0.0288675 -0.0132167 
0.00356663 0.0288675 -0.0139608 
0.00390355 0.0288675 -0.0147975 
0.00421037 0.0288675 -0.0155351 
0.00441118 0.0288675 -0.016007 
0.0045186 -0.0288675 -0.0162562 
0.00474966 -0.0288675 -0.016785 
0.00511633 -0.0288675 -0.0176058 
0.00554007 -0.0288675 -0.0185279 
0.00592387 -0.0288675 -0.0193404 
0.00617454 -0.0288675 -0.0198598 
0.0045186 0.0288675 -0.0162562 
0.00474966 0.0288675 -0.016785 
0.00511633 0.0288675 -0.0176058 
0.00554007 0.0288675 -0.0185279 
0.00592387 0.0288675 -0.0193404 
0.00617454 0.0288675 -0.0198598 
0.00630752 -0.0288675 -0.0201319 
0.00659151 -0.0288675 -0.0207052 
0.00704216 -0.0288675 -0.0215945 
0.0075628 -0.0288675 -0.0225929 
0.00803373 -0.0288675 -0.0234719 
0.00834071 -0.0288675 -0.0240336 
0.00630752 0.0288675 -0.0201319 
0.00659151 0.0288675 -0.0207052 
0.00704216 0.0288675 -0.0215945 
0.0075628 0.0288675 -0.0225929 
0.00803373 0.0288675 -0.0234719 
0.00834071 0.0288675 -0.0240336 
0.0085023 -0.0288675 -0.0243259 
0.00884477 -0.0288675 -0.0249381 
0.00938644 -0.0288675 -0.025887 
0.0100098 -0.0288675 -0.0269517 
0.0105721 -0.0288675 -0.0278884 
0.010938 -0.0288675 -0.0284866 
0.0085023 0.0288675 -0.0243259 
0.00884477 0.0288675 -0.0249381 
0.00938644 0.0288675 -0.025887 
0.0100098 0.0288675 -0.0269517 
0.0105721 0.0288675 -0.0278884 
0.010938 0.0288675 -0.0284866 
0.0111295 -0.0288675 -0.0287962 
0.0115331 -0.0288675 -0.0294412 
0.0121708 -0.0288675 -0.0304406 
0.0129039 -0.0288675 -0.031561 
0.013564 -0.0288675 -0.0325458 
0.0139931 -0.0288675 -0.0331744 
0.0111295 0.0288675 -0.0287962 
0.0115331 0.0288675 -0.0294412 
0.0121708 0.0288675 -0.0304406 
0.0129039 0.0288675 -0.031561 
0.013564 0.0288675 -0.0325458 
0.0139931 0.0288675 -0.0331744 
0.0142164 -0.0288675 -0.0334982 
0.0146847 -0.0288675 -0.0341698 
0.0154234 -0.0288675 -0.0352096 
0.0162706 -0.0288675 -0.0363745 
0.0170322 -0.0288675 -0.0373976 
0.0175265 -0.0288675 -0.0380501 
0.0142164 0.0288675 -0.0334982 
0.0146847 0.0288675 -0.0341698 
0.0154234 0.0288675 -0.0352096 
0.0162706 0.0288675 -0.0363745 
0.0170322 0.0288675 -0.0373976 
0.0175265 0.0288675 -0.0380501 
0.0177827 -0.0288675 -0.0383848 
0.0183177 -0.0288675 -0.0390765 
0.0191607 -0.0288675 -0.0401465 
0.0201263 -0.0288675 -0.0413442 
0.020993 -0.0288675 -0.0423952 
0.0215551 -0.0288675 -0.0430651 
0.0177827 0.0288675 -0.0383848 
0.0183177 0.0288675 -0.0390765 
0.0191607 0.0288675 -0.0401465 
0.0201263 0.0288675 -0.0413442 
0.020993 0.0288675 -0.0423952 
0.0215551 0.0288675 -0.0430651 
0.0218452 -0.0288675 -0.0434074 
0.0224487 -0.0288675 -0.0441122 
0.0233986 -0.0288675 -0.045202 
0.024485 -0.0288675 -0.0464205 
0.025459 -0.0288675 -0.0474887 
0.0260899 -0.0288675 -0.0481691 
0.0218452 0.0288675 -0.0434074 
0.0224487 0.0288675 -0.0441122 
0.0233986 0.0288675 -0.045202 
0.024485 0.0288675 -0.0464205 
0.025459 0.0288675 -0.0474887 
0.0260899 0.0288675 -0.0481691 
0.0264145 -0.0288675 -0.0485156 
0.0270875 -0.0288675 -0.0492267 
0.0281456 -0.0288675 -0.0503254 
0.0293544 -0.0288675 -0.0515526 
0.0304369 -0.0288675 -0.0526273 
0.0311375 -0.0288675 -0.0533112 
0.0264145 0.0288675 -0.0485156 
0.0270875 0.0288675 -0.0492267 
0.0281456 0.0288675 -0.0503254 
0.0293544 0.0288675 -0.0515526 
0.0304369 0.0288675 -0.0526273 
0.0311375 0.0288675 -0.0533112 
0.0314968 -0.0288675 -0.0536584 
0.0322396 -0.0288675 -0.0543689 
0.0334063 -0.0288675 -0.0554656 
0.0347378 -0.0288675 -0.0566893 
0.0359288 -0.0288675 -0.0577596 
0.0366991 -0.0288675 -0.0584401 
0.0314968 0.0288675 -0.0536584 
0.0322396 0.0288675 -0.0543689 
0.0334063 0.0288675 -0.0554656 
0.0347378 0.0288675 -0.0566893 
0.0359288 0.0288675 -0.0577596 
0.0366991 0.0288675 -0.0584401 
0.037093 -0.0288675 -0.0587845 
0.0379051 -0.0288675 -0.0594874 
0.0391797 -0.0288675 -0.0605713 
0.0406329 -0.0288675 -0.0617791 
0.0419315 -0.0288675 -0.0628342 
0.0427708 -0.0288675 -0.0635044 
0.037093 0.0288675 -0.0587845 
0.0379051 0.0288675 -0.0594874 
0.0391797 0.0288675 -0.0605713 
0.0406329 0.0288675 -0.0617791 
0.0419315 0.0288675 -0.0628342 
0.0427708 0.0288675 -0.0635044 
0.0431989 -0.0288675 -0.0638427 
0.0440792 -0.0288675 -0.0645311 
0.0454599 -0.0288675 -0.0655915 
0.0470326 -0.0288675 -0.0667714 
0.0484367 -0.0288675 -0.0678006 
0.0493436 -0.0288675 -0.0684536 
0.0431989 0.0288675 -0.0638427 
0.0440792 0.0288675 -0.0645311 
0.0454599 0.0288675 -0.0655915 
0.0470326 0.0288675 -0.0667714 
0.0484367 0.0288675 -0.0678006 
0.0493436 0.0288675 -0.0684536 
0.049805 -0.0288675 -0.0687823 
0.0507518 -0.0288675 -0.0694495 
0.0522357 -0.0288675 -0.0704759 
0.0539245 -0.0288675 -0.0716162 
0.055431 -0.0288675 -0.0726091 
0.0564035 -0.0288675 -0.0732382 
0.049805 0.0288675 -0.0687823 
0.0507518 0.0288675 -0.0694495 
0.0522357 0.0288675 -0.0704759 
0.0539245 0.0288675 -0.0716162 
0.055431 0.0288675 -0.0726091 
0.0564035 0.0288675 -0.0732382 
0.0568972 -0.0288675 -0.0735541 
0.0579079 -0.0288675 -0.0741935 
0.0594911 -0.0288675 -0.0751758 
0.0612915 -0.0288675 -0.076265 
0.0628963 -0.0288675 -0.0772117 
0.0639316 -0.0288675 -0.0778104 
0.0568972 0.0288675 -0.0735541 
0.0579079 0.0288675 -0.0741935 
0.0594911 0.0288675 -0.0751758 
0.0612915 0.0288675 -0.076265 
0.0628963 0.0288675 -0.0772117 
0.0639316 0.0288675 -0.0778104 
0.0644561 -0.0288675 -0.0781103 
0.0655277 -0.0288675 -0.0787157 
0.0672054 -0.0288675 -0.0796443 
0.0691116 -0.0288675 -0.0806715 
0.0708096 -0.0288675 -0.0815622 
0.0719044 -0.0288675 -0.0821246 
0.0644561 0.0288675 -0.0781103 
0.0655277 0.0288675 -0.0787157 
0.0672054 0.0288675 -0.0796443 
0.0691116 0.0288675 -0.0806715 
0.0708096 0.0288675 -0.0815622 
0.0719044 0.0288675 -0.0821246 
0.072458 -0.0288675 -0.0824055 
0.0735868 -0.0288675 -0.0829709 
0.075353 -0.0288675 -0.0838366 
0.0773584 -0.0288675 -0.0847916 
0.0791436 -0.0288675 -0.0856174 
0.0802939 -0.0288675 -0.0861376 
0.072458 0.0288675 -0.0824055 
0.0735868 0.0288675 -0.0829709 
0.075353 0.0288675 -0.0838366 
0.0773584 0.0288675 -0.0847916 
0.0791436 0.0288675 -0.0856174 
0.0802939 0.0288675 -0.0861376 
0.0808745 -0.0288675 -0.0863966 
0.0820563 -0.0288675 -0.0869167 
0.0839043 -0.0288675 -0.0877108 
0.0860012 -0.0288675 -0.0885841 
0.0878666 -0.0288675 -0.0893366 
0.089068 -0.0288675 -0.0898093 
0.0808745 0.0288675 -0.0863966 
0.0820563 0.0288675 -0.0869167 
0.0839043 0.0288675 -0.0877108 
0.0860012 0.0288675 -0.0885841 
0.0878666 0.0288675 -0.0893366 
0.089068 0.0288675 -0.0898093 
0.0896733 -0.0288675 -0.090044 
0.0909032 -0.0288675 -0.0905136 
0.0928255 -0.0288675 -0.0912284 
0.0950053 -0.0288675 -0.0920112 
0.0969431 -0.0288675 -0.0926828 
0.0981907 -0.0288675 -0.0931031 
0.0896733 0.0288675 -0.090044 
0.0909032 0.0288675 -0.0905136 
0.0928255 0.0288675 -0.0912284 
0.0950053 0.0288675 -0.0920112 
0.0969431 0.0288675 -0.0926828 
0.0981907 0.0288675 -0.0931031 
0.0988181 -0.0288675 -0.093311 
0.100091 -0.0288675 -0.0937255 
0.102079 -0.0288675 -0.0943541 
0.104332 -0.0288675 -0.0950386 
0.106334 -0.0288675 -0.0956224 
0.107622 -0.0288675 -0.095986 
0.0988181 0.0288675 -0.093311 
0.100091 0.0288675 -0.0937255 
0.102079 0.0288675 -0.0943541 
0.104332 0.0288675 -0.0950386 
0.106334 0.0288675 -0.0956224 
0.107622 0.0288675 -0.095986 
0.108269 -0.0288675 -0.0961651 
0.109579 -0.0288675 -0.0965206 
0.111624 -0.0288675 -0.0970567 
0.113941 -0.0288675 -0.0976361 
0.115998 -0.0288675 -0.0981261 
0.117321 -0.0288675 -0.0984293 
0.108269 0.0288675 -0.0961651 
0.109579 0.0288675 -0.0965206 
0.111624 0.0288675 -0.0970567 
0.113941 0.0288675 -0.0976361 
0.115998 0.0288675 -0.0981261 
0.117321 0.0288675 -0.0984293 
0.117984 -0.0288675 -0.0985777 
0.119325 -0.0288675 -0.0988708 
0.121418 -0.0288675 -0.0993091 
0.123787 -0.0288675 -0.0997776 
0.125889 -0.0288675 -0.100169 
0.12724 -0.0288675 -0.100408 
0.117984 0.0288675 -0.0985777 
0.119325 0.0288675 -0.0988708 
0.121418 0.0288675 -0.0993091 
0.123787 0.0288675 -0.0997776 
0.125889 0.0288675 -0.100169 
0.12724 0.0288675 -0.100408 
0.127917 -0.0288675 -0.100525 
0.129282 -0.0288675 -0.100753 
0.131413 -0.0288675 -0.101089 
0.133823 -0.0288675 -0.101442 
0.13596 -0.0288675 -0.10173 
0.137334 -0.0288675 -0.101904 
0.127917 0.0288675 -0.100525 
0.129282 0.0288675 -0.100753 
0.131413 0.0288675 -0.101089 
0.133823 0.0288675 -0.101442 
0.13596 0.0288675 -0.10173 
0.137334 0.0288675 -0.101904 
0.13802 -0.0288675 -0.101987 
0.139404 -0.0288675 -0.102147 
0.141561 -0.0288675 -0.102378 
0.144001 -0.0288675 -0.102612 
0.146163 -0.0288675 -0.102795 
0.147552 -0.0288675 -0.1029 
0.13802 0.0288675 -0.101987 
0.139404 0.0288675 -0.102147 
0.141561 0.0288675 -0.102378 
0.144001 0.0288675 -0.102612 
0.146163 0.0288675 -0.102795 
0.147552 0.0288675 -0.1029 
0.148245 -0.0288675 -0.102949 
0.14964 -0.0288675 -0.103041 
0.151814 -0.0288675 -0.103165 
0.154271 -0.0288675 -0.103277 
0.156447 -0.0288675 -0.103352 
0.157844 -0.0288675 -0.103388 
0.148245 0.0288675 -0.102949 
0.14964 0.0288675 -0.103041 
0.151814 0.0288675 -0.103165 
0.154271 0.0288675 -0.103277 
0.156447 0.0288675 -0.103352 
0.157844 0.0288675 -0.103388 
0.15854 -0.0288675 -0.103402 
0.15994 -0.0288675 -0.103424 
0.162119 -0.0288675 -0.10344 
0.164581 -0.0288675 -0.103429 
0.166761 -0.0288675 -0.103396 
0.16816 -0.0288675 -0.103362 
0.15854 0.0288675 -0.103402 
0.15994 0.0288675 -0.103424 
0.162119 0.0288675 -0.10344 
0.164581 0.0288675 -0.103429 
0.166761 0.0288675 -0.103396 
0.16816 0.0288675 -0.103362 
0.168856 -0.0288675 -0.103342 
0.170252 -0.0288675 -0.103294 
0.172427 -0.0288675 -0.103201 
0.174882 -0.0288675 -0.103068 
0.177054 -0.0288675 -0.102926 
0.178447 -0.0288675 -0.102823 
0.168856 0.0288675 -0.103342 
0.170252 0.0288675 -0.103294 
0.172427 0.0288675 -0.103201 
0.174882 0.0288675 -0.103068 
0.177054 0.0288675 -0.102926 
0.178447 0.0288675 -0.102823 
0.179139 -0.0288675 -0.102768 
0.180526 -0.0288675 -0.102651 
0.182685 -0.0288675 -0.10245 
0.18512 -0.0288675 -0.102196 
0.187274 -0.0288675 -0.101947 
0.188655 -0.0288675 -0.101775 
0.179139 0.0288675 -0.102768 
0.180526 0.0288675 -0.102651 
0.182685 0.0288675 -0.10245 
0.18512 0.0288675 -0.102196 
0.187274 0.0288675 -0.101947 
0.188655 0.0288675 -0.101775 
0.18932 -0.0288675 -0.10169 
0.190611 -0.0288675 -0.101517 
0.19262 -0.0288675 -0.101231 
0.194885 -0.0288675 -0.100883 
0.196887 -0.0288675 -0.100554 
0.19817 -0.0288675 -0.100332 
0.18932 0.0288675 -0.10169 
0.190611 0.0288675 -0.101517 
0.19262 0.0288675 -0.101231 
0.194885 0.0288675 -0.100883 
0.196887 0.0288675 -0.100554 
0.19817 0.0288675 -0.100332 
0.198787 -0.0288675 -0.100222 
0.199981 -0.0288675 -0.100003 
0.201838 -0.0288675 -0.099647 
0.203931 -0.0288675 -0.0992246 
0.20578 -0.0288675 -0.0988334 
0.206966 -0.0288675 -0.0985746 
0.198787 0.0288675 -0.100222 
0.199981 0.0288675 -0.100003 
0.201838 0.0288675 -0.099647 
0.203931 0.0288675 -0.0992246 
0.20578 0.0288675 -0.0988334 
0.206966 0.0288675 -0.0985746 
0.207322 -0.0288675 -0.0984958 
0.207569 -0.0288675 -0.0984409 
0.207953 -0.0288675 -0.0983549 
0.208387 -0.0288675 -0.0982573 
0.208771 -0.0288675 -0.0981703 
0.209018 -0.0288675 -0.0981143 
0.207322 0.0288675 -0.0984958 
0.207569 0.0288675 -0.0984409 
0.207953 0.0288675 -0.0983549 
0.208387 0.0288675 -0.0982573 
0.208771 0.0288675 -0.0981703 
0.209018 0.0288675 -0.0981143 
