0.000488007 -0.0288675 -0.00217611 
0.00182127 -0.0288675 -0.00812134 
0.000488007 0.0288675 -0.00217611 
0.00182127 0.0288675 -0.00812134 
0.00315898 -0.0288675 -0.0123616 
0.00548044 -0.0288675 -0.018001 
0.00315898 0.0288675 -0.0123616 
0.00548044 0.0288675 -0.018001 
0.00741271 -0.0288675 -0.0220195 
0.0103703 -0.0288675 -0.0273588 
0.00741271 0.0288675 -0.0220195 
0.0103703 0.0288675 -0.0273588 
0.012734 -0.0288675 -0.0311438 
0.0162341 -0.0288675 -0.0361455 
0.012734 0.0288675 -0.0311438 
0.0162341 0.0288675 -0.0361455 
0.0189401 -0.0288675 -0.0396971 
0.0228328 -0.0288675 -0.0443986 
0.0189401 0.0288675 -0.0396971 
0.0228328 0.0288675 -0.0443986 
0.0258063 -0.0288675 -0.0477307 
0.0300371 -0.0288675 -0.0521324 
0.0258063 0.0288675 -0.0477307 
0.0300371 0.0288675 -0.0521324 
0.0332532 -0.0288675 -0.0552313 
0.0378091 -0.0288675 -0.0592959 
0.0332532 0.0288675 -0.0552313 
0.0378091 0.0288675 -0.0592959 
0.0412358 -0.0288675 -0.0621617 
0.0460418 -0.0288675 -0.0659263 
0.0412358 0.0288675 -0.0621617 
0.0460418 0.0288675 -0.0659263 
0.0496411 -0.0288675 -0.0685724 
0.0546686 -0.0288675 -0.0720373 
0.0496411 0.0288675 -0.0685724 
0.0546686 0.0288675 -0.0720373 
0.0584281 -0.0288675 -0.0744503 
0.063672 -0.0288675 -0.0775781 
0.0584281 0.0288675 -0.0744503 
0.063672 0.0288675 -0.0775781 
0.0675719 -0.0288675 -0.079758 
0.0729829 -0.0288675 -0.0825858 
0.0675719 0.0288675 -0.079758 
0.0729829 0.0288675 -0.0825858 
0.0769978 -0.0288675 -0.0845462 
0.0825558 -0.0288675 -0.0870742 
0.0769978 0.0288675 -0.0845462 
0.0825558 0.0288675 -0.0870742 
0.0866763 -0.0288675 -0.0888015 
0.0923756 -0.0288675 -0.0909925 
0.0866763 0.0288675 -0.0888015 
0.0923756 0.0288675 -0.0909925 
0.0965866 -0.0288675 -0.0924866 
0.102392 -0.0288675 -0.0943776 
0.0965866 0.0288675 -0.0924866 
0.102392 0.0288675 -0.0943776 
0.106674 -0.0288675 -0.0956522 
0.11257 -0.0288675 -0.0972435 
0.106674 0.0288675 -0.0956522 
0.11257 0.0288675 -0.0972435 
0.116915 -0.0288675 -0.0982851 
0.12289 -0.0288675 -0.0995392 
0.116915 0.0288675 -0.0982851 
0.12289 0.0288675 -0.0995392 
0.127285 -0.0288675 -0.100348 
0.133316 -0.0288675 -0.101302 
0.127285 0.0288675 -0.100348 
0.133316 0.0288675 -0.101302 
0.137745 -0.0288675 -0.101891 
0.143816 -0.0288675 -0.102545 
0.137745 0.0288675 -0.101891 
0.143816 0.0288675 -0.102545 
0.14827 -0.0288675 -0.102901 
0.154368 -0.0288675 -0.103219 
0.14827 0.0288675 -0.102901 
0.154368 0.0288675 -0.103219 
0.158835 -0.0288675 -0.103341 
0.16494 -0.0288675 -0.103359 
0.158835 0.0288675 -0.103341 
0.16494 0.0288675 -0.103359 
0.169408 -0.0288675 -0.103262 
0.175507 -0.0288675 -0.10298 
0.169408 0.0288675 -0.103262 
0.175507 0.0288675 -0.10298 
0.179963 -0.0288675 -0.10265 
0.186038 -0.0288675 -0.10203 
0.179963 0.0288675 -0.10265 
0.186038 0.0288675 -0.10203 
0.190471 -0.0288675 -0.101467 
0.196506 -0.0288675 -0.100548 
0.190471 0.0288675 -0.101467 
0.196506 0.0288675 -0.100548 
0.200906 -0.0288675 -0.0997651 
0.206889 -0.0288675 -0.0985464 
0.200906 0.0288675 -0.0997651 
0.206889 0.0288675 -0.0985464 
