Type of the profile input condition used: coseno  Units: Pa 
7500.00049348
7500.00149414
7500.00303534
7500.00511707
7500.00773934
7500.01090216
7500.01460552
7500.01884943
7500.0236339
7500.02895892
7500.0348245
7500.04123064
7500.04817734
7500.05566461
7500.06369245
7500.07226086
7500.08136983
7500.09101939
7500.10120951
7500.11194022
7500.1232115
7500.13502337
7500.14737581
7500.16026884
7500.17370245
7500.18767665
7500.20219143
7500.2172468
7500.23284275
7500.24897929
7500.26565642
7500.28287413
7500.30063243
7500.31893132
7500.3377708
7500.35715087
7500.37707152
7500.39753276
7500.41853458
7500.44007699
7500.46215998
7500.48478355
7500.50794771
7500.53165244
7500.55589776
7500.58068365
7500.60601012
7500.63187716
7500.65828477
7500.68523296
7500.71272171
7500.74075103
7500.76932091
7500.79843135
7500.82808235
7500.85827391
7500.88900602
7500.92027868
7500.95209189
7500.98444564
7501.01733993
7501.05077475
7501.08475011
7501.119266
7501.15432242
7501.18991936
7501.22605682
7501.26273479
7501.29995327
7501.33771225
7501.37601174
7501.41485172
7501.4542322
7501.49415316
7501.5346146
7501.57561652
7501.61715891
7501.65924176
7501.70186508
7501.74502885
7501.78873307
7501.83297773
7501.87776283
7501.92308836
7501.96895432
7502.0153607
7502.06230748
7502.10979468
7502.15782227
7502.20639025
7502.25549863
7502.30514737
7502.3553365
7502.40606598
7502.45733582
7502.50914601
7502.56149654
7502.61438741
7502.6678186
7502.72179011
7502.77630193
7502.83135405
7502.88694646
7502.94307916
7502.99975213
7503.05696538
7503.11471888
7503.17301263
7503.23184662
7503.29122084
7503.35113528
7503.41158994
7503.4725848
7503.53411985
7503.59619509
7503.6588105
7503.72196607
7503.7856618
7503.84989767
7503.91467367
7503.9799898
7504.04584603
7504.11224237
7504.1791788
7504.24665531
7504.31467188
7504.38322851
7504.45232519
7504.5219619
7504.59213864
7504.66285538
7504.73411213
7504.80590886
7504.87824556
7504.95112223
7505.02453885
7505.09849541
7505.1729919
7505.24802829
7505.32360459
7505.39972078
7505.47637684
7505.55357276
7505.63130852
7505.70958413
7505.78839955
7505.86775478
7505.94764981
7506.02808462
7506.10905919
7506.19057352
7506.2726276
7506.3552214
7506.43835491
7506.52202812
7506.606241
7506.69099355
7506.77628575
7506.86211759
7506.94848904
7507.0354001
7507.12285075
7507.21084097
7507.29937074
7507.38844006
7507.47804891
7507.56819726
7507.65888511
7507.75011243
7507.84187922
7507.93418545
7508.02703111
7508.12041618
7508.21434065
7508.30880449
7508.4038077
7508.49935025
7508.59543214
7508.69205333
7508.78921383
7508.8869136
7508.98515265
7509.08393094
7509.18324849
7509.28310526
7509.38350127
7509.48443649
7509.58591094
7509.68792461
7509.79047751
7509.89356966
7509.99720109
7510.10137183
7510.20608192
7510.31133143
7510.41712045
7510.52344906
7510.63031739
7510.7377256
7510.84567385
7510.95416238
7511.06319141
7511.17276126
7511.28287225
7511.39352477
7511.50471926
7511.6164562
7511.728736
7511.84155892
7511.95492549
7512.06883624
7512.18328947
7512.29828171
7512.41381292
7512.52988308
7512.64649217
7512.76364016
7512.88132703
7512.99955275
7513.11831729
7513.23762064
7513.35746275
7513.4778436
7513.59876315
7513.72022138
7513.84221823
7513.96475369
7514.08782769
7514.2114402
7514.33559116
7514.46028053
7514.58550824
7514.71127423
7514.83757844
7514.96442078
7515.09180117
7515.21971953
7515.34817576
7515.47716976
7515.6067014
7515.73677059
7515.86737718
7515.99852105
7516.13020204
7516.26242002
7516.39517484
7516.52846632
7516.66229431
7516.79665866
7516.93155919
7517.06699576
7517.20296821
7517.3394764
7517.47652021
7517.61409951
7517.75221422
7517.89086425
7518.03004957
7518.16977015
7518.31002601
7518.45081719
7518.59214377
7518.73400588
7518.87640366
7519.01933732
7519.16280707
7519.30681318
7519.45135594
7519.59643567
7519.74205271
7519.88820668
7520.03489774
7520.18212624
7520.3298916
7520.47819408
7520.62703374
7520.77641021
7520.92632383
7521.07677432
7521.22776164
7521.37928614
7521.53134748
7521.68394568
7521.83708059
7521.99075215
7522.14496071
7522.29970578
7522.4549875
7522.61080625
7522.76716143
7522.92405331
7523.08148157
7523.23944626
7523.39794773
7523.55698564
7523.71656001
7523.87667074
7524.03731765
7524.19850109
7524.36022098
7524.52247707
7524.68526955
7524.84859796
7525.01246267
7525.1768636
7525.34180049
7525.50727368
7525.67328284
7525.83982796
7526.0069094
7526.17452649
7526.34267958
7526.51136869
7526.68059349
7526.85035435
7527.02065088
7527.1914832
7527.36285113
7527.53475455
7527.70719381
7527.88016895
7528.05367958
7528.22772581
7528.40230728
7528.57742437
7528.75307698
7528.92926484
7529.10598833
7529.28324708
7529.46104112
7529.63937082
7529.81823554
7529.99763563
7530.17757132
7530.35804216
7530.53904854
7530.72059092
7530.90266932
7531.08528375
7531.26843475
7531.45212284
7531.63634836
7531.82111169
7532.00641352
7532.1922546
7532.37863567
7532.56555749
7532.75301772
7532.94101053
7533.12953589
7533.31859378
7533.50818421
7533.6983072
7533.88896281
7534.0801511
7534.27187217
7534.4641261
7534.656913
7534.85023298
7535.04408614
7535.23847257
7535.43339234
7535.62884553
7535.82483216
7536.02135227
7536.21840584
7536.41599285
7536.61411323
7536.81276692
7537.01195382
7537.21167383
7537.41192682
7537.61271267
7537.81403125
7538.01588246
7538.21826616
7538.42118228
7538.62463073
7538.82861143
7539.03312437
7539.23816951
7539.44374685
7539.64985643
7539.85649828
7540.06367246
7540.27137906
7540.47961815
7540.68838984
7540.89769423
7541.10753142
7541.31790152
7541.52880453
7541.74024037
7541.95220916
7542.16471102
7542.37774608
7542.59131447
7542.80541615
7543.02005133
7543.23522018
7543.4509229
7543.66715971
7543.88393084
7544.10123645
7544.31907665
7544.53745169
7544.75636184
7544.97580742
7545.19578879
7545.41630638
7545.63736066
7545.85895216
7546.08108151
7546.30374939
7546.52695657
7546.75070391
7546.97499235
7547.19982295
7547.42519683
7547.65111525
7547.87757955
7548.10459116
7548.33215162
7548.56026254
7548.78892564
7549.01814268
7549.24791548
7549.4782459
7549.70913001
7549.94054552
7550.17249388
7550.40497323
7550.63798522
7550.8715314
7551.1056114
7551.34022495
7551.57537357
7551.81105849
7552.04727799
7552.28403359
7552.52132618
7552.75915453
7552.9975138
7553.23640321
7553.47582362
7553.71577533
7553.95625824
7554.19727323
7554.43882113
7554.68090035
7554.92351091
7555.16665225
7555.41032476
7555.65452769
7555.8992614
7556.1445263
7556.39032202
7556.63664838
7556.88350568
7557.13089324
7557.37881145
7557.62726053
7557.8762399
7558.12574968
7558.37578952
7558.62635982
7558.87746029
7559.12909083
7559.38125185
7559.63394261
7559.88716344
7560.14091441
7560.39519509
7560.6500058
7560.9053458
7561.16121548
7561.41761526
7561.67454469
7561.93200365
7562.18999237
7562.44851026
7562.70755773
7562.9671345
7563.22724048
7563.48787604
7563.7490405
7564.01073425
7564.27295659
7564.53570784
7564.7989884
7565.06279791
7565.32713622
7565.5920035
7565.85739925
7566.12332387
7566.38977702
7566.65675871
7566.92426867
7567.19230678
7567.46087344
7567.72996886
7567.99959228
7568.26974411
7568.54042396
7568.81163184
7569.08336794
7569.3556317
7569.62842352
7569.90174345
7570.1755911
7570.44996597
7570.72486822
7571.00029824
7571.27625647
7571.55274206
7571.82975521
7572.10729563
7572.38536329
7572.66395801
7572.94307975
7573.22272891
7573.50290487
7573.78360781
7574.06483795
7574.3465946
7574.62887814
7574.911689
7575.19502632
7575.47889029
7575.7632804
7576.04819704
7576.33364063
7576.61961042
7576.90610664
7577.19312917
7577.48067783
7577.76875251
7578.05735294
7578.34647953
7578.63613262
7578.92631138
7579.2170161
7579.50824617
7579.80000199
7580.09228369
7580.38509066
7580.67842333
7580.97228136
7581.26666463
7581.56157354
7581.85700726
7582.15296617
7582.44945013
7582.74645881
7583.04399262
7583.34205077
7583.64063354
7583.93974072
7584.23937202
7584.53952769
7584.84020694
7585.14141014
7585.44313676
7585.74538679
7586.04816018
7586.35145648
7586.65527606
7586.95961831
7587.26448341
7587.56987176
7587.87578309
7588.18221743
7588.48917475
7588.79665507
7589.10465883
7589.41318637
7589.72223719
7590.03181175
7590.34191052
7590.65253299
7590.96367933
7591.27534999
7591.58754452
7591.90026276
7592.21350479
7592.52726991
7592.84155795
7593.15636853
7593.47170162
7593.78755671
7594.1039342
7594.42083346
7594.73825475
7595.0561985
7595.3746642
7595.69365214
7596.01316261
7596.33319501
7596.65374976
7596.97482728
7597.29642696
7597.61854878
7597.94119249
7598.26435779
7598.58804486
7598.91225302
7599.23698265
7599.56223347
7599.88800542
7600.21429873
7600.54111283
7600.86844814
7601.1963051
7601.5246833
7601.85358263
7602.18300241
7602.51294301
7602.84340479
7603.17438676
7603.50588932
7603.83791286
7604.17045658
7604.50352055
7604.83710451
7605.17120886
7605.50583339
7605.84097788
7606.17664272
7606.5128272
7606.84953148
7607.18675597
7607.52450012
7607.86276393
7608.20154713
7608.54084965
7608.8806719
7609.22101368
7609.56187445
7609.90325389
7610.24515238
7610.58757036
7610.93050679
7611.2739617
7611.6179355
7611.96242862
7612.30744126
7612.65297214
7612.99902167
7613.34558974
7613.69267599
7614.04028083
7614.38840365
7614.73704454
7615.08620392
7615.43588132
7615.78607674
7616.13678952
7616.48801998
7616.83976855
7617.19203484
7617.54481872
7617.89811973
7618.25193794
7618.60627377
7618.96112708
7619.31649745
7619.67238527
7620.02878986
7620.38571157
7620.74314978
7621.10110473
7621.45957684
7621.81856532
7622.17807042
7622.53809236
7622.89863043
7623.25968503
7623.6212566
7623.9833443
7624.34594827
7624.70906819
7625.07270449
7625.43685704
7625.80152558
7626.16671052
7626.53241158
7626.89862867
7627.26536221
7627.63261152
7628.00037688
7628.36865872
7628.73745638
7629.10677007
7629.47659916
7629.84694378
7630.21780391
7630.58917871
7630.96106816
7631.33347231
7631.70639088
7632.07982393
7632.45377143
7632.82823316
7633.20320913
7633.57869919
7633.95470326
7634.33122126
7634.70825307
7635.08579874
7635.46385803
7635.84243096
7636.22151744
7636.60111735
7636.98123071
7637.3618573
7637.74299712
7638.12465003
7638.50681594
7638.88949488
7639.27268669
7639.65639129
7640.04060867
7640.42533862
7640.81058116
7641.19633616
7641.58260352
7641.96938327
7642.35667517
7642.74447926
7643.13279538
7643.52162346
7643.91096354
7644.30081548
7644.69117921
7645.08205461
7645.47344161
7645.86534025
7646.25775047
7646.6506721
7647.0441052
7647.43804982
7647.83250579
7648.2274731
7648.62295167
7649.01894146
7649.41544256
7649.81245492
7650.2099784
7650.60801307
7651.00655902
7651.40561595
7651.80518392
7652.20526303
7652.60585291
7653.00695363
7653.40856482
7653.81068629
7654.2133159
7654.61645376
7655.02009998
7655.42425462
7655.82891775
7656.23408938
7656.63976933
7657.04595745
7657.45265363
7657.85985784
7658.26756998
7658.67579005
7659.08451806
7659.49375407
7659.90349813
7660.31375031
7660.7245107
7661.13577939
7661.54755635
7661.95984163
7662.37263531
7662.78593748
7663.19974818
7663.61406711
7664.02889404
7664.4442288
7664.86007075
7665.27641947
7665.69327486
7666.11063688
7666.52850539
7666.9468804
7667.36576197
7667.78515015
7668.20504501
7668.62544668
7669.04635525
7669.46777089
7669.88969352
7670.31212319
7670.73506003
7671.15850417
7671.58245553
7672.00691395
7672.43187907
7672.85735088
7673.28332892
7673.70981288
7674.13680252
7674.56429753
7674.99229786
7675.42080326
7675.84981376
7676.27932916
7676.7093494
7677.13987452
7677.5709044
7678.00243887
7678.43447794
7678.86702141
7679.3000693
7679.73362166
7680.16767855
7680.60224003
7681.03730621
7681.47287719
7681.90895313
7682.34553416
7682.78262049
7683.22021231
7683.65830985
7684.09691338
7684.53602318
7684.97563955
7685.41576284
7685.8563934
7686.29753164
7686.73917796
7687.18133281
7687.62399665
7688.06716996
7688.51085326
7688.95504708
7689.39975197
7689.84496849
7690.29069725
7690.73693885
7691.18369391
7691.6309631
7692.07874707
7692.52704653
7692.97586216
7693.4251947
7693.8750449
7694.3254135
7694.77630129
7695.22770904
7695.67963756
7696.13208761
7696.58506
7697.03855548
7697.49257482
7697.94711872
7698.40218786
7698.85778285
7699.31390307
7699.7705238
7700.22764439
7700.68526516
7701.14338667
7701.60200941
7702.06113255
7702.52075663
7702.98088116
7703.44150625
7703.90263241
7704.36425938
7704.8263867
7705.28901366
7705.75214026
7706.21576695
7706.67989237
7707.14451657
7707.60963879
7708.07525953
7708.5413782
7709.00799474
7709.47510969
7709.94272243
7710.41083311
7710.87944231
7711.34854963
7711.81815505
7712.28825915
7712.75886134
7713.22996166
7713.70156062
7714.17365712
7714.6462512
7715.11934211
7715.59293034
7716.06701612
7716.5415984
7717.01667727
7717.49225221
7717.96832377
7718.444892
7718.9219563
7719.39951721
7719.87757473
7720.35612831
7720.83517849
7721.31472477
7721.794767
7722.27530527
7722.75633877
7723.23786801
7723.71989305
7724.20241317
7724.68542821
7725.16893795
7725.65294291
7726.13744275
7726.62243722
7727.10792688
7727.59391074
7728.08038913
7728.56736256
7729.05483038
7729.54279255
7730.03124826
7730.5201979
7731.00964169
7731.49957877
7731.99000967
7732.48093407
7732.97235171
7733.46426312
7733.95666743
7734.44956491
7734.94295573
7735.43683911
7735.93121557
7736.42608453
7736.92144594
7737.4173003
7737.91364647
7738.41048501
7738.90781585
7739.40563842
7739.90395327
7740.40275953
7740.90205739
7741.40184736
7741.90212902
7742.40290212
7742.904166
7743.40592083
7743.90816715
7744.41090457
7744.91413275
7745.41785217
7745.92206183
7746.42676228
7746.93195315
7747.43763429
7747.94380615
7748.45046772
7748.95761956
7749.46526135
7749.97339268
7750.48201412
7750.9911262
7751.50072828
7752.01082018
7752.52140122
7753.03247193
7753.54403288
7754.05608306
7754.56862287
7755.08165208
7755.59517046
7756.10917855
7756.62367558
7757.13866164
7757.65413712
7758.17010087
7758.68655341
7759.20349434
7759.72092329
7760.23883958
7760.75724312
7761.27613402
7761.79551116
7762.31537492
7762.83572394
7763.35655873
7763.87787931
7764.39968486
7764.9219751
7765.44474989
7765.9680098
7766.49175447
7767.01598376
7767.54069829
7768.06589818
7768.59158294
7769.11775322
7769.64440961
7770.17155116
7770.69917843
7771.22729201
7771.75589102
7772.28497576
7772.81454636
7773.34460195
7773.87514303
7774.40616844
7774.93767848
7775.46967269
7776.00215081
7776.53511166
7777.06855583
7777.60248387
7778.1368958
7778.67179102
7779.20716968
7779.74303143
7780.27937691
7780.81620672
7781.35352097
7781.891319
7782.42960139
7782.96836804
7783.50761856
7784.04735201
7784.58756859
7785.12826879
7785.66945172
7786.21111706
7786.75326383
7787.29589213
7787.83900247
7788.38259381
7788.92666626
7789.4712191
7790.0162529
7790.56176761
7791.10776267
7791.65423865
7792.20119476
7792.74863109
7793.29654796
7793.84494426
7794.39381964
7794.94317352
7795.4930064
7796.04331796
7796.59410721
7797.14537364
7797.69711673
7798.24933603
7798.80203093
7799.35520092
7799.90884522
7800.46296251
7801.01755326
7801.57261684
7802.12815253
7802.68415939
7803.24063746
7803.79758648
7804.35500606
7804.9128961
7805.47125623
7806.03008707
7806.58938931
7807.14916364
7807.70940964
7808.27012774
7808.83131875
7809.3929835
7809.95512283
7810.5177376
7811.08082795
7811.64439449
7812.20843808
7812.77295953
7813.33795963
7813.90343865
7814.46939669
7815.0358344
7815.60275235
7816.17015104
7816.73802983
7817.30638701
7817.87522291
7818.4445361
7819.01432387
7819.58458487
7820.15531874
7820.7265239
7821.29820091
7821.87034916
7822.44296886
7823.01606076
7823.5896256
7824.16366415
7824.73817678
7825.31316336
7825.88862462
7826.46456118
7827.04097249
7827.61785914
7828.19522169
7828.77305589
7829.35136111
7829.93013716
7830.50938373
7831.089101
7831.66928899
7832.24994751
7832.83107684
7833.41267729
7833.99474918
7834.57729285
7835.16030861
7835.74379671
7836.32775752
7836.91219143
7837.49709879
7838.08247993
7838.66833515
7839.25466471
7839.84146883
7840.42874734
7841.01649575
7841.60471336
7842.19340064
7842.7825564
7843.37218125
7843.96227563
7844.55283864
7845.1438709
7845.73537276
7846.32734272
7846.91978096
7847.51268772
7848.10606322
7848.69990772
7849.29422034
7849.88900095
7850.48424954
7851.07996545
7851.6761485
7852.27279876
7852.86991684
7853.46750294
7854.06555646
7854.66407803
7855.26306779
7855.86252495
7856.46245008
7857.06284324
7857.66370338
7858.26503103
7858.86682528
7859.46908618
7860.071813
7860.67500578
7861.27866437
7861.88278819
7862.48737767
7863.09243164
7863.69795059
7864.30393426
7864.91038213
7865.5172939
7866.12466911
7866.73250833
7867.34081203
7867.94957885
7868.5588094
7869.16850353
7869.77866079
7870.38928178
7871.00036578
7871.61191287
7872.22392362
7872.83639701
7873.44933346
7874.06273193
7874.67659283
7875.29091672
7875.90570376
7876.52095302
7877.136664
7877.75283678
7878.36947194
7878.98656885
7879.60412722
7880.22214759
7880.84062997
7881.45957355
7882.07897748
7882.6988422
7883.31916779
7883.93995334
7884.56119943
7885.18290483
7885.80506986
7886.42769506
7887.05077999
7887.67432424
7888.29832745
7888.92278948
7889.54771092
7890.17309215
7890.79893221
7891.42523021
7892.0519867
7892.67920228
7893.30687512
7893.93500555
7894.56359415
7895.19264149
7895.82214813
7896.45211235
7897.08253402
7897.71341334
7898.34474557
7898.97653121
7899.60877081
7900.24146497
7900.87461433
7901.508219
7902.14227958
7902.77679674
7903.41177115
7904.04720351
7904.68309447
7905.31944469
7905.95625478
7906.59352468
7907.2312533
7907.86943849
7908.50807978
7909.14717668
7909.78672724
7910.42672753
7911.06717726
7911.70807616
7912.34942394
7912.99122032
7913.63346501
7914.27615774
7914.91929825
7915.56288626
7916.20692153
7916.85140382
7917.49633291
7918.14170859
7918.78753068
7919.433799
7920.08051342
7920.7276738
7921.37528003
7922.02333204
7922.67182976
7923.32077313
7923.97016213
7924.61999674
7925.27027697
7925.9210028
7926.57217426
7927.22379136
7927.8758541
7928.5283625
7929.18131656
7929.83471627
7930.48856068
7931.14284898
7931.79758036
7932.45275402
7933.10836995
7933.76442803
7934.4209279
7935.07786969
7935.73525336
7936.39307891
7937.05134658
7937.71005666
7938.36920942
7939.02880515
7939.68884417
7940.34932677
7941.01025326
7941.67162394
7942.33343909
7942.99569899
7943.6584039
7944.3215539
7944.98514875
7945.64918855
7946.31367254
7946.97860015
7947.64396993
7948.30978186
7948.9760351
7949.64272982
7950.30986624
7950.97744463
7951.6454653
7952.31392863
7952.98283502
7953.65218494
7954.32197888
7954.99221706
7955.66289984
7956.33402775
7957.00560132
7957.67762111
7958.35008767
7959.02300157
7959.69636337
7960.3701736
7961.04443218
7961.71913921
7962.39429508
7963.06989867
7963.74594976
7964.42244697
7965.09938735
7965.77676852
7966.45458935
7967.13284949
7967.81154908
7968.49068832
7969.17026747
7969.85028649
7970.53074572
7971.21164556
7971.89298645
7972.57476883
7973.25699321
7973.93966008
7974.62276994
7975.30632248
7975.9903181
7976.67475717
7977.35963963
7978.04496483
7978.7307318
7979.41693971
7980.10358738
7980.79067389
7981.47819875
7982.16616177
7982.85456322
7983.54340318
7984.23268148
7984.92239847
7985.61255456
7986.30315013
7986.99418522
7987.68565974
7988.37757405
7989.0699277
7989.76272054
7990.45595258
7991.14962235
7991.84372907
7992.5382721
7993.23325106
7993.92866528
7994.62451484
7995.32079997
7996.01752046
7996.71467629
7997.41226775
7998.11029516
7998.80875805
7999.50765655
8000.20699093
8000.90676079
8001.60696594
8002.30760562
8003.00868001
8003.71018877
8004.41213161
8005.11450878
8005.81731994
8006.52056505
8007.2242444
8007.92835833
8008.63290654
8009.33788903
8010.04330587
8010.74915659
8011.45544144
8012.16215977
8012.86931144
8013.57689563
8014.28491225
8014.99336035
8015.70224008
8016.41155063
8017.12129216
8017.83146435
8018.542067
8019.25310032
8019.96456375
8020.67645735
8021.38878119
8022.10153468
8022.81471802
8023.52833108
8024.24237346
8024.95684537
8025.67174683
8026.38707737
8027.10283721
8027.81902587
8028.53564343
8029.25269013
8029.97016563
8030.68806973
8031.40640257
8032.12516352
8032.84435279
8033.56396992
8034.28401487
8035.00448751
8035.72538741
8036.44671478
8037.16846922
8037.89065046
8038.61325871
8039.33629374
8040.0597549
8040.78364173
8041.5079544
8042.23269304
8042.95785693
8043.68344607
8044.40945994
8045.13589874
8045.86276239
8046.59005043
8047.31776309
8048.04590019
8048.77446143
8049.50344702
8050.23285675
8050.96269037
8051.69294805
8052.42362915
8053.15473389
8053.88626219
8054.61821351
8055.35058806
8056.0833853
8056.81660513
8057.55024774
8058.28431241
8059.01879931
8059.75370787
8060.48903826
8061.22479072
8061.96096459
8062.69756008
8063.43457744
8064.17201619
8064.90987636
8065.64815824
8066.38686137
8067.12598569
8067.86553148
8068.60549806
8069.34588551
8070.08669375
8070.82792223
8071.56957117
8072.31163986
8073.05412838
8073.79703636
8074.54036362
8075.28410986
8076.02827485
8076.77285882
8077.51786175
8078.26328316
8079.0091233
8079.7553816
8080.50205828
8081.24915363
8081.99666783
8082.74460027
8083.49295125
8084.24172105
8084.99090909
8085.74051566
8086.49054046
8087.24098332
8087.99184453
8088.74312432
8089.49482171
8090.24693694
8090.99946913
8091.75241835
8092.50578401
8093.25956531
8094.01376181
8094.76837294
8095.52339828
8096.27883693
8097.0346887
8097.79095308
8098.54762987
8099.30471867
8100.0622196
8100.82013282
8101.57845779
8102.33719463
8103.09634353
8103.85590455
8104.61587743
8105.37626239
8106.13705969
8106.89826915
8107.6598907
8108.42192461
8109.18437094
8109.94722929
8110.71049991
8111.47418221
8112.23827623
8113.00278222
8113.76769958
8114.53302811
8115.29876731
8116.06491702
8116.83147681
8117.59844649
8118.36582549
8119.13361371
8119.90181133
8120.67041781
8121.43943299
8122.20885681
8122.97868882
8123.7489292
8124.51957749
8125.2906336
8126.06209759
8126.83396888
8127.60624719
8128.37893222
8129.1520241
8129.92552294
8130.6994279
8131.47373873
8132.24845516
8133.02357732
8133.79910485
8134.5750377
8135.35137576
8136.12811865
8136.90526654
8137.68281948
8138.46077691
8139.23913899
8140.01790583
8140.79707681
8141.57665209
8142.35663102
8143.13701373
8143.9178004
8144.69899032
8145.48058357
8146.2625798
8147.04497891
8147.82778086
8148.61098525
8149.39459224
8150.17860205
8150.96301441
8151.74782918
8152.53304656
8153.31866616
8154.10468808
8154.89111253
8155.67793926
8156.46516804
8157.2527991
8158.040832
8158.82926655
8159.61810264
8160.40733969
8161.19697761
8161.9870157
8162.77745372
8163.56829109
8164.35952736
8165.15116217
8165.94319496
8166.73562558
8167.5284535
8168.32167864
8169.11530078
8169.90931964
8170.70373531
8171.49854766
8172.29375644
8173.08936177
8173.88536381
8174.68176235
8175.47855733
8176.27574893
8177.07333683
8177.87132115
8178.66970209
8179.4684795
8180.26765317
8181.06722329
8181.86718995
8182.66755257
8183.46831134
8184.26946649
8185.07101726
8185.87296378
8186.67530603
8187.47804349
8188.28117633
8189.08470388
8189.88862629
8190.69294328
8191.49765457
8192.30276033
8193.10825981
8193.91415319
8194.72044012
8195.52712035
8196.33419375
8197.14165981
8197.94951867
8198.7577701
8199.56641363
8200.3754493
8201.1848765
8201.99469534
8202.80490554
8203.61550685
8204.42649945
8205.23788274
8206.04965685
8206.86182171
8207.6743769
8208.48732258
8209.30065896
8210.1143853
8210.92850157
8211.74300728
8212.55790255
8213.37318705
8214.1888603
8215.00492211
8215.82137171
8216.63820867
8217.4554329
8218.27304379
8219.09104138
8219.90942511
8220.72819499
8221.54735111
8222.36689331
8223.18682142
8224.00713557
8224.82783594
8225.64892235
8226.47039477
8227.29225342
8228.1144985
8228.93712972
8229.76014713
8230.58355054
8231.40733978
8232.23151504
8233.05607653
8233.88102324
8234.70635519
8235.53207254
8236.35817549
8237.18466358
8238.01153609
8238.83879265
8239.66643301
8240.49445731
8241.32286525
8242.15165654
8242.98083133
8243.81038917
8244.64032999
8245.47065355
8246.30135964
8247.13244841
8247.96391977
8248.79577327
8249.62800895
8250.46062625
8251.29362534
8252.12700641
8252.9607688
8253.79491255
8254.62943754
8255.46434342
8256.29963022
8257.1352974
8257.97134512
8258.80777333
8259.64458143
8260.48176957
8261.31933728
8262.15728432
8262.99561078
8263.83431593
8264.67339936
8265.51286094
8266.35270046
8267.19291745
8268.03351184
8268.87448308
8269.71583126
8270.55755585
8271.3996568
8272.2421341
8273.08498725
8273.92821635
8274.77182102
8275.61580112
8276.46015675
8277.3048877
8278.14999358
8278.99547435
8279.84132965
8280.68755955
8281.53416417
8282.38114363
8283.22849809
8284.07622773
8284.92433274
8285.77281335
8286.62166977
8287.47090224
8288.32051101
8289.17049631
8290.02085838
8290.87159745
8291.72271372
8292.57420741
8293.42607868
8294.27832769
8295.13095304
8295.98394898
8296.83731541
8297.69105186
8298.54515855
8299.39963541
8300.25448182
8301.10969776
8301.96528261
8302.82123657
8303.67755913
8304.53425008
8305.39130957
8306.24873675
8307.10653185
8307.96469466
8308.82322476
8309.6821224
8310.54138722
8311.40101902
8312.261018
8313.12138376
8313.9821162
8314.8432151
8315.70468013
8316.56651151
8317.42870941
8318.29127299
8319.15420238
8320.01749692
8320.88115682
8321.74518209
8322.60957211
8323.47432708
8324.33944704
8325.20493142
8326.07078048
8326.93699434
8327.80357241
8328.67051493
8329.53782203
8330.40549308
8331.27352829
8332.14192788
8333.01069135
8333.87981858
8334.74930882
8335.61916222
8336.48937827
8337.35995663
8338.23089664
8339.10219797
8339.97386047
8340.84588337
8341.71826583
8342.59100797
8343.46410929
8344.33756952
8345.21138864
8346.08556602
8346.96010189
8347.83499612
8348.71024832
8349.58585876
8350.4618275
8351.33815406
8352.21483871
8353.09188169
8353.96928257
8354.84704142
8355.7251585
8356.60363373
8357.48246677
8358.36165785
8359.24120707
8360.12111382
8361.00137835
8361.88200051
8362.76297981
8363.64431645
8364.52601055
8365.40806131
8366.29046858
8367.17323192
8368.05635153
8368.9398273
8369.82365859
8370.70784558
8371.5923875
8372.47728451
8373.36253621
8374.24814239
8375.13410291
8376.02041724
8376.90708559
8377.79410719
8378.68148203
8379.5692103
8380.45729172
8381.34572577
8382.23451187
8383.12364853
8384.01313426
8384.90296886
8385.79315217
8386.68368399
8387.57456413
8388.46579239
8389.35736853
8390.24929234
8391.14156357
8392.03418197
8392.92714727
8393.8204592
8394.71411748
8395.60812181
8396.5024719
8397.39716742
8398.29220807
8399.18759352
8400.08332345
8400.97939754
8401.87581546
8402.77257688
8403.66968146
8404.5671289
8405.46491886
8406.36305104
8407.26152512
8408.16034079
8409.05949775
8409.95899573
8410.85883443
8411.75901357
8412.6595329
8413.56039216
8414.46159109
8415.36312946
8416.26500703
8417.1672236
8418.06977894
8418.97267285
8419.87590514
8420.77947563
8421.68338414
8422.58763051
8423.49221457
8424.39713618
8425.3023952
8426.20799148
8427.11392492
8428.02019538
8428.92680276
8429.83374695
8430.74102786
8431.64864538
8432.55659944
8433.46488994
8434.37351681
8435.28247997
8436.19177934
8437.10141484
8438.0113864
8438.92169394
8439.83233739
8440.74331665
8441.65463163
8442.56628225
8443.4782684
8444.39058997
8445.30324684
8446.21623889
8447.12956597
8448.04322793
8448.95722461
8449.87155584
8450.78622143
8451.70122117
8452.61655485
8453.53222225
8454.44822312
8455.36455722
8456.28122427
8457.19822401
8458.11555615
8459.03322039
8459.95121643
8460.86954396
8461.78820267
8462.70719222
8463.62651231
8464.54616259
8465.46614274
8466.38645243
8467.30709133
8468.22805912
8469.14935547
8470.07098007
8470.99293259
8471.91521274
8472.83782022
8473.76075473
8474.684016
8475.60760375
8476.53151771
8477.45575765
8478.38032332
8479.3052145
8480.23043096
8481.15597251
8482.08183897
8483.00803015
8483.93454589
8484.86138606
8485.78855052
8486.71603914
8487.64385184
8488.57198853
8489.50044913
8490.42923359
8491.35834187
8492.28777394
8493.2175298
8494.14760944
8495.0780129
8496.00874019
