3.33685 0.66315 0 3.33685 0.66315 0
3.35097 0.649025 0 3.35097 0.649025 0
3.37298 0.62702 0 3.37298 0.62702 0
3.39783 0.60217 0 3.39783 0.60217 0
3.41983 0.580165 0 3.41983 0.580165 0
3.43396 0.56604 0 3.43396 0.56604 0
3.44122 0.558781 0 3.44122 0.558781 0
3.45625 0.543746 0 3.45625 0.543746 0
3.47968 0.520324 0 3.47968 0.520324 0
3.50613 0.493874 0 3.50613 0.493874 0
3.52955 0.470452 0 3.52955 0.470452 0
3.54458 0.455417 0 3.54458 0.455417 0
3.55232 0.447681 0 3.55232 0.447681 0
3.56836 0.431641 0 3.56836 0.431641 0
3.59335 0.406652 0 3.59335 0.406652 0
3.62157 0.378432 0 3.62157 0.378432 0
3.64656 0.353443 0 3.64656 0.353443 0
3.6626 0.337403 0 3.6626 0.337403 0
3.67086 0.329139 0 3.67086 0.329139 0
3.68801 0.311988 0 3.68801 0.311988 0
3.71473 0.285267 0 3.71473 0.285267 0
3.74491 0.255091 0 3.74491 0.255091 0
3.77163 0.228371 0 3.77163 0.228371 0
3.78878 0.211219 0 3.78878 0.211219 0
3.79763 0.202373 0 3.79763 0.202373 0
3.81601 0.183994 0 3.81601 0.183994 0
3.84464 0.155361 0 3.84464 0.155361 0
3.87697 0.123026 0 3.87697 0.123026 0
3.90561 0.0943933 0 3.90561 0.0943933 0
3.92399 0.0760139 0 3.92399 0.0760139 0
3.93097 0.0690263 0 3.93097 0.0690263 0
3.94066 0.0593371 0 3.94066 0.0593371 0
3.95576 0.0442425 0 3.95576 0.0442425 0
3.9728 0.0271959 0 3.9728 0.0271959 0
3.9879 0.0121013 0 3.9879 0.0121013 0
3.99759 0.00241213 0 3.99759 0.00241214 0
1.99338 1.99338 0 1.99338 1.99338 0
1.96612 1.96612 0 1.96612 1.96612 0
1.92093 1.92093 0 1.92093 1.92093 0
1.86393 1.86393 0 1.86393 1.86393 0
1.80279 1.80279 0 1.80279 1.80279 0
1.74578 1.74578 0 1.74578 1.74578 0
1.7006 1.7006 0 1.7006 1.7006 0
1.67333 1.67333 0 1.67333 1.67333 0
1.66539 1.66539 0 1.66539 1.66539 0
1.65993 1.65993 0 1.65993 1.65993 0
1.65089 1.65089 0 1.65089 1.65089 0
1.63948 1.63948 0 1.63948 1.63948 0
1.62724 1.62724 0 1.62724 1.62724 0
1.61583 1.61583 0 1.61583 1.61583 0
1.60678 1.60678 0 1.60678 1.60678 0
1.60132 1.60132 0 1.60132 1.60132 0
1.59206 1.59206 0 1.59206 1.59206 0
1.55933 1.55933 0 1.55933 1.55933 0
1.50511 1.50511 0 1.50511 1.50511 0
1.43669 1.43669 0 1.43669 1.43669 0
1.36331 1.36331 0 1.36331 1.36331 0
1.29489 1.29489 0 1.29489 1.29489 0
1.24067 1.24067 0 1.24067 1.24067 0
1.20794 1.20794 0 1.20794 1.20794 0
1.19603 1.19603 0 1.19603 1.19603 0
1.17967 1.17967 0 1.17967 1.17967 0
1.15255 1.15255 0 1.15255 1.15255 0
1.11834 1.11834 0 1.11834 1.11834 0
1.08166 1.08166 0 1.08166 1.08166 0
1.04745 1.04745 0 1.04745 1.04745 0
1.02033 1.02033 0 1.02033 1.02033 0
1.00397 1.00397 0 1.00397 1.00397 0
3.00675 0.0135061 0 3.00675 0.0135061 0
3.03388 0.0677581 0 3.03388 0.0677581 0
3.07614 0.152276 0 3.07614 0.152276 0
3.12386 0.247724 0 3.12386 0.247724 0
3.16612 0.332242 0 3.16612 0.332242 0
3.19325 0.386494 0 3.19325 0.386494 0
3.2045 0.409004 0 3.2045 0.409004 0
3.22259 0.445172 0 3.22259 0.445172 0
3.25076 0.501517 0 3.25076 0.501517 0
3.28257 0.565149 0 3.28257 0.565149 0
3.31075 0.621495 0 3.31075 0.621495 0
3.32883 0.657663 0 3.32883 0.657663 0
0.995176 0.995176 0 0.995176 0.995176 0
0.975801 0.975801 0 0.975801 0.975801 0
0.945616 0.945616 0 0.945616 0.945616 0
0.911527 0.911527 0 0.911527 0.911527 0
0.881342 0.881342 0 0.881342 0.881342 0
0.861966 0.861966 0 0.861966 0.861966 0
0.855213 0.855213 0 0.855213 0.855213 0
0.847463 0.847463 0 0.847463 0.847463 0
0.835389 0.835389 0 0.835389 0.835389 0
0.821754 0.821754 0 0.821754 0.821754 0
0.80968 0.80968 0 0.80968 0.80968 0
0.801929 0.801929 0 0.801929 0.801929 0
0.792282 0.792282 0 0.792282 0.792282 0
0.761281 0.761281 0 0.761281 0.761281 0
0.712985 0.712985 0 0.712985 0.712985 0
0.658444 0.658444 0 0.658444 0.658444 0
0.610147 0.610147 0 0.610147 0.610147 0
0.579146 0.579146 0 0.579146 0.579146 0
0.56564 0.56564 0 0.56564 0.56564 0
0.542389 0.542389 0 0.542389 0.542389 0
0.506167 0.506167 0 0.506167 0.506167 0
0.465261 0.465261 0 0.465261 0.465261 0
0.429039 0.429039 0 0.429039 0.429039 0
0.405788 0.405788 0 0.405788 0.405788 0
0.396141 0.396141 0 0.396141 0.396141 0
0.380641 0.380641 0 0.380641 0.380641 0
0.356493 0.356493 0 0.356493 0.356493 0
0.329222 0.329222 0 0.329222 0.329222 0
0.305074 0.305074 0 0.305074 0.305074 0
0.289573 0.289573 0 0.289573 0.289573 0
0.276067 0.276067 0 0.276067 0.276067 0
0.237316 0.237316 0 0.237316 0.237316 0
0.176946 0.176946 0 0.176946 0.176946 0
0.108769 0.108769 0 0.108769 0.108769 0
0.0483987 0.0483987 0 0.0483987 0.0483987 0
0.00964721 0.00964721 0 0.00964721 0.00964721 0
1 1.99433 0 1 1.99433 0
1 1.97095 0 1 1.97095 0
1 1.93222 0 1 1.93222 0
1 1.88335 0 1 1.88335 0
1 1.83094 0 1 1.83094 0
1 1.78207 0 1 1.78207 0
1 1.74333 0 1 1.74333 0
1 1.71996 0 1 1.71996 0
1 1.70861 0 1 1.70861 0
1 1.68524 0 1 1.68524 0
1 1.6465 0 1 1.6465 0
1 1.59763 0 1 1.59763 0
1 1.54522 0 1 1.54522 0
1 1.49635 0 1 1.49635 0
1 1.45762 0 1 1.45762 0
1 1.43424 0 1 1.43424 0
1 1.4229 0 1 1.4229 0
1 1.39952 0 1 1.39952 0
1 1.36079 0 1 1.36079 0
1 1.31192 0 1 1.31192 0
1 1.25951 0 1 1.25951 0
1 1.21064 0 1 1.21064 0
1 1.1719 0 1 1.1719 0
1 1.14853 0 1 1.14853 0
1 1.14002 0 1 1.14002 0
1 1.12833 0 1 1.12833 0
1 1.10897 0 1 1.10897 0
1 1.08453 0 1 1.08453 0
1 1.05833 0 1 1.05833 0
1 1.03389 0 1 1.03389 0
1 1.01452 0 1 1.01452 0
1 1.00284 0 1 1.00284 0
3.99325 1.98649 0 3.99325 1.98649 0
3.96612 1.93224 0 3.96612 1.93224 0
3.92386 1.84772 0 3.92386 1.84772 0
3.87614 1.75228 0 3.87614 1.75228 0
3.83388 1.66776 0 3.83388 1.66776 0
3.80675 1.61351 0 3.80675 1.61351 0
3.79325 1.58649 0 3.79325 1.58649 0
3.76612 1.53224 0 3.76612 1.53224 0
3.72386 1.44772 0 3.72386 1.44772 0
3.67614 1.35228 0 3.67614 1.35228 0
3.63388 1.26776 0 3.63388 1.26776 0
3.60675 1.21351 0 3.60675 1.21351 0
3.59662 1.19325 0 3.59662 1.19325 0
3.58306 1.16612 0 3.58306 1.16612 0
3.56193 1.12386 0 3.56193 1.12386 0
3.53807 1.07614 0 3.53807 1.07614 0
3.51694 1.03388 0 3.51694 1.03388 0
3.50338 1.00675 0 3.50338 1.00675 0
3.49662 0.993247 0 3.49662 0.993247 0
3.48306 0.966121 0 3.48306 0.966121 0
3.46193 0.923862 0 3.46193 0.923862 0
3.43807 0.876138 0 3.43807 0.876138 0
3.41694 0.833879 0 3.41694 0.833879 0
3.40338 0.806753 0 3.40338 0.806753 0
3.39775 0.795498 0 3.39775 0.795498 0
3.38871 0.777414 0 3.38871 0.777414 0
3.37462 0.749241 0 3.37462 0.749241 0
3.35871 0.717425 0 3.35871 0.717425 0
3.34463 0.689253 0 3.34463 0.689253 0
3.33558 0.671169 0 3.33558 0.671169 0
