3.93057 0 0 
3.66999 0 0 
3.33001 0 0 
3.06943 3.14018e-16 0 
0.0253239 -3.14018e-16 0 
0.127046 0 0 
0.285518 0 0 
0.464482 0 0 
0.622954 0 0 
0.724676 0 0 
0.775324 3.14018e-16 0 
0.877046 0 0 
1.03552 0 0 
1.21448 0 0 
1.37295 0 0 
1.47468 0 0 
1.52532 0 0 
1.62705 0 0 
1.78552 0 0 
1.96448 0 0 
2.12295 0 0 
2.22468 3.14018e-16 0 
2.27532 0 0 
2.37705 3.14018e-16 0 
2.53552 3.14018e-16 0 
2.71448 0 0 
2.87295 0 0 
2.97468 0 0 
3.98312 2 0 
3.9153 2 0 
3.80965 2 0 
3.69035 2 0 
3.5847 2 0 
3.51688 2 0 
3.48312 2 0 
3.4153 2 0 
3.30965 2 0 
3.19035 2 0 
3.0847 2 0 
3.01688 2 0 
2.98312 2 0 
2.9153 2 0 
2.80965 2 0 
2.69035 2 0 
2.5847 2 0 
2.51688 2 0 
2.48312 2 0 
2.4153 2 0 
2.30965 2 0 
2.19035 2 0 
2.0847 2 0 
2.01688 2 0 
0.0337652 2 0 
0.169395 2 0 
0.38069 2 0 
0.61931 2 0 
0.830605 2 0 
0.966235 2 0 
0 0.00964721 0 
0 0.0483987 0 
0 0.108769 0 
0 0.176946 0 
0 0.237316 0 
0 0.276067 0 
0 0.295361 0 
0 0.334113 0 
0 0.394483 0 
0 0.46266 0 
0 0.52303 0 
0 0.561781 0 
0 0.581076 0 
0 0.619827 0 
0 0.680197 0 
0 0.748374 0 
0 0.808744 0 
0 0.847496 0 
0 0.86679 0 
0 0.905542 0 
0 0.965912 0 
0 1.03409 0 
0 1.09446 0 
0 1.13321 0 
0 1.1525 0 
0 1.19126 0 
0 1.25163 0 
0 1.3198 0 
0 1.38017 0 
0 1.41892 0 
0 1.43822 0 
0 1.47697 0 
0 1.53734 0 
0 1.60552 0 
0 1.66589 0 
0 1.70464 0 
0 1.72393 0 
0 1.76268 0 
0 1.82305 0 
0 1.89123 0 
0 1.9516 0 
0 1.99035 0 
5 0.0337652 0 
5 0.169395 0 
5 0.38069 0 
5 0.61931 0 
5 0.830605 0 
5 0.966235 0 
5 1.03377 0 
5 1.1694 0 
5 1.38069 0 
5 1.61931 0 
5 1.8306 0 
5 1.96623 0 
4.99693 2 0 
4.9846 2 0 
4.96539 2 0 
4.9437 2 0 
4.92449 2 0 
4.91216 2 0 
4.90602 2 0 
4.89369 2 0 
4.87448 2 0 
4.85279 2 0 
4.83358 2 0 
4.82125 2 0 
4.81511 2 0 
4.80278 2 0 
4.78357 2 0 
4.76188 2 0 
4.74267 2 0 
4.73034 2 0 
4.7242 2 0 
4.71187 2 0 
4.69266 2 0 
4.67097 2 0 
4.65176 2 0 
4.63943 2 0 
4.63329 2 0 
4.62096 2 0 
4.60176 2 0 
4.58006 2 0 
4.56085 2 0 
4.54852 2 0 
4.54238 2 0 
4.53005 2 0 
4.51085 2 0 
4.48915 2 0 
4.46995 2 0 
4.45762 2 0 
4.45148 2 0 
4.43915 2 0 
4.41994 2 0 
4.39824 2 0 
4.37904 2 0 
4.36671 2 0 
4.36057 2 0 
4.34824 2 0 
4.32903 2 0 
4.30734 2 0 
4.28813 2 0 
4.2758 2 0 
4.26966 2 0 
4.25733 2 0 
4.23812 2 0 
4.21643 2 0 
4.19722 2 0 
4.18489 2 0 
4.17875 2 0 
4.16642 2 0 
4.14721 2 0 
4.12552 2 0 
4.10631 2 0 
4.09398 2 0 
4.08784 2 0 
4.07551 2 0 
4.0563 2 0 
4.03461 2 0 
4.0154 2 0 
4.00307 2 0 
4.00307 0 0 
4.0154 0 0 
4.03461 3.97205e-16 0 
4.0563 0 0 
4.07551 0 0 
4.08784 3.97205e-16 0 
4.09705 -3.97205e-16 0 
4.12171 0 0 
4.16013 0 0 
4.20351 0 0 
4.24193 0 0 
4.26659 0 0 
4.27887 0 0 
4.30353 0 0 
4.34194 0 0 
4.38533 0 0 
4.42375 0 0 
4.44841 0 0 
4.46068 0 0 
4.48534 0 0 
4.52376 0 0 
4.56715 0 0 
4.60556 0 0 
4.63022 0 0 
4.6425 0 0 
4.66716 0 0 
4.70558 0 0 
4.74897 0 0 
4.78738 -3.97205e-16 0 
4.81204 -3.97205e-16 0 
4.82432 -3.97205e-16 0 
4.84898 0 0 
4.8874 0 0 
4.93078 3.97205e-16 0 
4.9692 3.97205e-16 0 
4.99386 3.97205e-16 0 
1.00993 2 0 
1.05083 2 0 
1.11862 2 0 
1.20414 2 0 
1.29586 2 0 
1.38138 2 0 
1.44917 2 0 
1.49007 2 0 
1.50993 2 0 
1.55083 2 0 
1.61862 2 0 
1.70414 2 0 
1.79586 2 0 
1.88138 2 0 
1.94917 2 0 
1.99007 2 0 
