3.12457 0.0277659 0 
3.05118 0.0277659 0 
3.19796 0.0277659 0 
3.27135 0.0277659 0 
3.34474 0.0277659 0 
3.41813 0.0277659 0 
3.49151 0.0277659 0 
3.5649 0.0277659 0 
3.63829 0.0277659 0 
3.65276 0.0524573 0 
3.60832 0.10184 0 
3.56388 0.151223 0 
3.51943 0.200605 0 
3.47499 0.249988 0 
3.43054 0.299371 0 
3.3861 0.348754 0 
3.34166 0.398136 0 
3.29721 0.447519 0 
3.25977 0.450303 0 
3.22902 0.405865 0 
3.19884 0.360149 0 
3.1312 0.237055 0 
3.17775 0.340017 0 
3.13721 0.266223 0 
3.16047 0.317673 0 
2.01191 1.95492 0 
2.20774 1.95492 0 
2.40357 1.95492 0 
1.85917 1.8 0 
2.0625 1.8 0 
2.26583 1.8 0 
1.70643 1.64508 0 
1.91726 1.64508 0 
2.12809 1.64508 0 
2.51754 1.95492 0 
2.71337 1.95492 0 
2.9092 1.95492 0 
2.38417 1.8 0 
2.5875 1.8 0 
2.79083 1.8 0 
2.2508 1.64508 0 
2.46163 1.64508 0 
2.67246 1.64508 0 
3.02318 1.95492 0 
3.21901 1.95492 0 
3.41484 1.95492 0 
2.90917 1.8 0 
3.1125 1.8 0 
3.31583 1.8 0 
2.79516 1.64508 0 
3.00599 1.64508 0 
3.21682 1.64508 0 
3.52881 1.95492 0 
3.72464 1.95492 0 
3.92047 1.95492 0 
3.43417 1.8 0 
3.6375 1.8 0 
3.84083 1.8 0 
3.33953 1.64508 0 
3.55036 1.64508 0 
3.76119 1.64508 0 
1.61754 1.55492 0 
1.83274 1.55492 0 
2.04793 1.55492 0 
1.4648 1.4 0 
1.6875 1.4 0 
1.9102 1.4 0 
1.31207 1.24508 0 
1.54226 1.24508 0 
1.77246 1.24508 0 
2.17318 1.55492 0 
2.38837 1.55492 0 
2.60357 1.55492 0 
2.0398 1.4 0 
2.2625 1.4 0 
2.4852 1.4 0 
1.90643 1.24508 0 
2.13663 1.24508 0 
2.36682 1.24508 0 
2.72881 1.55492 0 
2.94401 1.55492 0 
3.1592 1.55492 0 
2.6148 1.4 0 
2.8375 1.4 0 
3.0602 1.4 0 
2.5008 1.24508 0 
2.73099 1.24508 0 
2.96119 1.24508 0 
3.28445 1.55492 0 
3.49964 1.55492 0 
3.71484 1.55492 0 
3.1898 1.4 0 
3.4125 1.4 0 
3.6352 1.4 0 
3.09516 1.24508 0 
3.32536 1.24508 0 
3.55555 1.24508 0 
1.22318 1.15492 0 
1.45774 1.15492 0 
1.6923 1.15492 0 
1.07044 1 0 
1.3125 1 0 
1.55456 1 0 
0.917702 0.845081 0 
1.16726 0.845081 0 
1.41682 0.845081 0 
1.82881 1.15492 0 
2.06337 1.15492 0 
2.29793 1.15492 0 
1.69544 1 0 
1.9375 1 0 
2.17956 1 0 
1.56207 0.845081 0 
1.81163 0.845081 0 
2.06119 0.845081 0 
2.43445 1.15492 0 
2.66901 1.15492 0 
2.90357 1.15492 0 
2.32044 1 0 
2.5625 1 0 
2.80456 1 0 
2.20643 0.845081 0 
2.45599 0.845081 0 
2.70555 0.845081 0 
3.04008 1.15492 0 
3.27464 1.15492 0 
3.5092 1.15492 0 
2.94544 1 0 
3.1875 1 0 
3.42956 1 0 
2.8508 0.845081 0 
3.10036 0.845081 0 
3.34992 0.845081 0 
0.82881 0.754919 0 
1.08274 0.754919 0 
1.33666 0.754919 0 
0.676074 0.6 0 
0.9375 0.6 0 
1.19893 0.6 0 
0.523337 0.445081 0 
0.792263 0.445081 0 
1.06119 0.445081 0 
1.48445 0.754919 0 
1.73837 0.754919 0 
1.9923 0.754919 0 
1.35107 0.6 0 
1.6125 0.6 0 
1.87393 0.6 0 
1.2177 0.445081 0 
1.48663 0.445081 0 
1.75555 0.445081 0 
2.14008 0.754919 0 
2.39401 0.754919 0 
2.64793 0.754919 0 
2.02607 0.6 0 
2.2875 0.6 0 
2.54893 0.6 0 
1.91207 0.445081 0 
2.18099 0.445081 0 
2.44992 0.445081 0 
2.79572 0.754919 0 
3.04964 0.754919 0 
3.30357 0.754919 0 
2.70107 0.6 0 
2.9625 0.6 0 
3.22393 0.6 0 
2.60643 0.445081 0 
2.87536 0.445081 0 
3.14428 0.445081 0 
0.434446 0.354919 0 
0.707737 0.354919 0 
0.981028 0.354919 0 
0.281709 0.2 0 
0.5625 0.2 0 
0.843291 0.2 0 
0.128972 0.0450807 0 
0.417263 0.0450807 0 
0.705554 0.0450807 0 
1.14008 0.354919 0 
1.41337 0.354919 0 
1.68666 0.354919 0 
1.00671 0.2 0 
1.2875 0.2 0 
1.56829 0.2 0 
0.873337 0.0450807 0 
1.16163 0.0450807 0 
1.44992 0.0450807 0 
1.84572 0.354919 0 
2.11901 0.354919 0 
2.3923 0.354919 0 
1.73171 0.2 0 
2.0125 0.2 0 
2.29329 0.2 0 
1.6177 0.0450807 0 
1.90599 0.0450807 0 
2.19428 0.0450807 0 
2.55135 0.354919 0 
2.82464 0.354919 0 
3.09793 0.354919 0 
2.45671 0.2 0 
2.7375 0.2 0 
3.01829 0.2 0 
2.36207 0.0450807 0 
2.65036 0.0450807 0 
2.93865 0.0450807 0 
0.112702 1.9678 0 
0.112702 1.85714 0 
0.112702 1.74649 0 
0.5 1.9678 0 
0.5 1.85714 0 
0.5 1.74649 0 
0.887298 1.9678 0 
0.887298 1.85714 0 
0.887298 1.74649 0 
0.112702 1.68209 0 
0.112702 1.57143 0 
0.112702 1.46077 0 
0.5 1.68209 0 
0.5 1.57143 0 
0.5 1.46077 0 
0.887298 1.68209 0 
0.887298 1.57143 0 
0.887298 1.46077 0 
0.112702 1.39637 0 
0.112702 1.28571 0 
0.112702 1.17506 0 
0.5 1.39637 0 
0.5 1.28571 0 
0.5 1.17506 0 
0.887298 1.39637 0 
0.887298 1.28571 0 
0.887298 1.17506 0 
0.833333 1.1164 0 
0.833333 1.13228 0 
0.333333 1.1164 0 
0.833333 1.09259 0 
0.333333 1.09259 0 
0.833333 1.03704 0 
0.166667 1.12169 0 
0.666667 1.13757 0 
0.166667 1.13757 0 
0.814815 1 0 
0.314815 1.05556 0 
0.759259 0.944444 0 
0.73545 0.920635 0 
0.291005 1.03175 0 
0.719577 0.904762 0 
0.571429 0.904762 0 
0.142857 1.03175 0 
0.142857 0.920635 0 
0.571429 0.862434 0 
0.142857 0.878307 0 
0.142857 0.862434 0 
0.0952381 0.634921 0 
0.0952381 0.587302 0 
0.380952 0.587302 0 
0.0952381 0.68254 0 
0.380952 0.634921 0 
0.0952381 0.777778 0 
0.206349 0.777778 0 
0.492063 0.634921 0 
0.539683 0.68254 0 
0.240741 0.812169 0 
0.574074 0.716931 0 
0.62963 0.772487 0 
0.272487 0.843915 0 
0.661376 0.804233 0 
0.701058 0.843915 0 
0.047619 0.391534 0 
0.047619 0.312169 0 
0.190476 0.312169 0 
0.047619 0.439153 0 
0.190476 0.359788 0 
0.047619 0.502645 0 
0.103175 0.484127 0 
0.246032 0.34127 0 
0.269841 0.365079 0 
0.12963 0.510582 0 
0.296296 0.391534 0 
0.351852 0.44709 0 
0.166667 0.547619 0 
0.388889 0.484127 0 
0.444444 0.539683 0 
0.187831 0.568783 0 
0.465608 0.560847 0 
0.473545 0.568783 0 
0.0185185 0.166667 0 
0.0185185 0.0555556 0 
0.0740741 0.111111 0 
0.0555556 0.203704 0 
0.111111 0.148148 0 
0.166667 0.203704 0 
0.037037 0.232804 0 
0.148148 0.232804 0 
0.037037 0.26455 0 
0.0846561 0.275132 0 
0.195767 0.243386 0 
0.227513 0.275132 0 
3.95447 1.8873 0 
3.99167 1.8873 0 
4.02886 1.8873 0 
3.76281 1.5 0 
3.80682 1.5 0 
3.85083 1.5 0 
3.57114 1.1127 0 
3.62197 1.1127 0 
3.6728 1.1127 0 
4.0505 1.8873 0 
4.0877 1.8873 0 
4.12489 1.8873 0 
3.87644 1.5 0 
3.92045 1.5 0 
3.96447 1.5 0 
3.70238 1.1127 0 
3.75321 1.1127 0 
3.80404 1.1127 0 
4.14654 1.8873 0 
4.18373 1.8873 0 
4.22092 1.8873 0 
3.99008 1.5 0 
4.03409 1.5 0 
4.0781 1.5 0 
3.83362 1.1127 0 
3.88445 1.1127 0 
3.93528 1.1127 0 
4.24257 1.8873 0 
4.27976 1.8873 0 
4.31695 1.8873 0 
4.10372 1.5 0 
4.14773 1.5 0 
4.19174 1.5 0 
3.96486 1.1127 0 
4.01569 1.1127 0 
4.06652 1.1127 0 
4.3386 1.8873 0 
4.37579 1.8873 0 
4.41299 1.8873 0 
4.21735 1.5 0 
4.26136 1.5 0 
4.30537 1.5 0 
4.09611 1.1127 0 
4.14693 1.1127 0 
4.19776 1.1127 0 
4.43463 1.8873 0 
4.47182 1.8873 0 
4.50902 1.8873 0 
4.33099 1.5 0 
4.375 1.5 0 
4.41901 1.5 0 
4.22735 1.1127 0 
4.27818 1.1127 0 
4.329 1.1127 0 
4.53066 1.8873 0 
4.56786 1.8873 0 
4.60505 1.8873 0 
4.44463 1.5 0 
4.48864 1.5 0 
4.53265 1.5 0 
4.35859 1.1127 0 
4.40942 1.1127 0 
4.46025 1.1127 0 
4.6267 1.8873 0 
4.66389 1.8873 0 
4.70108 1.8873 0 
4.55826 1.5 0 
4.60227 1.5 0 
4.64628 1.5 0 
4.48983 1.1127 0 
4.54066 1.1127 0 
4.59149 1.1127 0 
4.72273 1.8873 0 
4.75992 1.8873 0 
4.79711 1.8873 0 
4.6719 1.5 0 
4.71591 1.5 0 
4.75992 1.5 0 
4.62107 1.1127 0 
4.6719 1.1127 0 
4.72273 1.1127 0 
4.81876 1.8873 0 
4.85595 1.8873 0 
4.89315 1.8873 0 
4.78553 1.5 0 
4.82955 1.5 0 
4.87356 1.5 0 
4.75231 1.1127 0 
4.80314 1.1127 0 
4.85397 1.1127 0 
4.91479 1.8873 0 
4.95198 1.8873 0 
4.98918 1.8873 0 
4.89917 1.5 0 
4.94318 1.5 0 
4.98719 1.5 0 
4.88355 1.1127 0 
4.93438 1.1127 0 
4.98521 1.1127 0 
3.45889 0.87037 0 
3.49537 0.944444 0 
3.57351 0.962963 0 
3.43458 0.820988 0 
3.55032 0.91358 0 
3.3981 0.746914 0 
3.58801 0.993827 0 
3.51057 0.975309 0 
3.51969 0.993827 0 
3.3966 0.711109 0 
3.54881 0.877776 0 
3.42922 0.677769 0 
3.44629 0.660356 0 
3.5645 0.860362 0 
3.46442 0.641456 0 
3.58416 0.544589 0 
3.57944 0.549603 0 
3.69653 0.818838 0 
3.68485 0.832194 0 
3.56633 0.562958 0 
3.53235 0.59801 0 
3.67001 0.84897 0 
3.51616 0.614786 0 
3.50102 0.630064 0 
3.69632 0.927031 0 
3.52863 0.708125 0 
3.62648 0.927031 0 
3.69789 0.453692 0 
3.67092 0.481924 0 
3.82032 0.787123 0 
3.80337 0.806851 0 
3.65187 0.501652 0 
3.62179 0.532601 0 
3.82901 0.908584 0 
3.64863 0.634334 0 
3.75875 0.908584 0 
3.8021 0.344369 0 
3.78651 0.361079 0 
3.85803 0.74109 0 
3.85041 0.471039 0 
3.90846 0.86776 0 
3.97965 0.86776 0 
3.84338 0.759293 0 
3.76909 0.379282 0 
3.73297 0.417181 0 
3.83071 0.774819 0 
3.71832 0.432708 0 
3.70983 0.441388 0 
3.94047 0.227857 0 
3.93544 0.233318 0 
3.99573 0.692235 0 
3.98554 0.38083 0 
4.044 0.845207 0 
4.1157 0.845207 0 
3.98383 0.707383 0 
3.92092 0.248466 0 
3.88309 0.28845 0 
3.96734 0.728115 0 
3.86351 0.309182 0 
3.84212 0.331394 0 
4.08523 0.166667 0 
4.04167 0.166667 0 
4.12879 0.666667 0 
4.13889 0.333333 0 
4.18434 0.833333 0 
4.25631 0.833333 0 
4.10673 0.678541 0 
4.01568 0.178541 0 
3.98184 0.214163 0 
4.30851 0.887298 0 
4.36331 0.887298 0 
4.41811 0.887298 0 
4.22248 0.5 0 
4.28409 0.5 0 
4.34571 0.5 0 
4.13644 0.112702 0 
4.20487 0.112702 0 
4.2733 0.112702 0 
4.45 0.887298 0 
4.5048 0.887298 0 
4.55959 0.887298 0 
4.38157 0.5 0 
4.44318 0.5 0 
4.5048 0.5 0 
4.31313 0.112702 0 
4.38157 0.112702 0 
4.45 0.112702 0 
4.59149 0.887298 0 
4.64628 0.887298 0 
4.70108 0.887298 0 
4.54066 0.5 0 
4.60227 0.5 0 
4.66389 0.5 0 
4.48983 0.112702 0 
4.55826 0.112702 0 
4.6267 0.112702 0 
4.73297 0.887298 0 
4.78777 0.887298 0 
4.84257 0.887298 0 
4.69975 0.5 0 
4.76136 0.5 0 
4.82298 0.5 0 
4.66652 0.112702 0 
4.73496 0.112702 0 
4.80339 0.112702 0 
4.87446 0.887298 0 
4.92926 0.887298 0 
4.98405 0.887298 0 
4.85884 0.5 0 
4.92045 0.5 0 
4.98207 0.5 0 
4.84322 0.112702 0 
4.91165 0.112702 0 
4.98009 0.112702 0 
1.17284 1.96296 0 
1.30667 1.97778 0 
1.10222 1.97778 0 
1.10667 1.93333 0 
1.18519 1.88889 0 
1.32 1.93333 0 
1.11111 1.88889 0 
1.11556 1.84444 0 
1.19753 1.81481 0 
1.33333 1.88889 0 
1.12 1.8 0 
1.12444 1.75556 0 
1.20988 1.74074 0 
1.34667 1.84444 0 
1.12889 1.71111 0 
1.13333 1.66667 0 
1.22222 1.66667 0 
1.36 1.8 0 
1.13778 1.62222 0 
1.14222 1.57778 0 
1.23457 1.59259 0 
1.37333 1.75556 0 
1.14667 1.53333 0 
1.15111 1.48889 0 
1.24691 1.51852 0 
1.38667 1.71111 0 
1.15556 1.44444 0 
1.16 1.4 0 
1.25926 1.44444 0 
1.4 1.66667 0 
1.16444 1.35556 0 
1.16889 1.31111 0 
1.2716 1.37037 0 
1.41333 1.62222 0 
1.17333 1.26667 0 
1.17778 1.22222 0 
1.31874 1.39075 0 
1.43539 1.63445 0 
1.20982 1.23445 0 
1.26556 1.30334 0 
1.39442 1.49919 0 
1.46516 1.69952 0 
1.31875 1.36841 0 
1.36962 1.42965 0 
1.46543 1.59565 0 
1.49562 1.75739 0 
1.41826 1.48752 0 
1.4649 1.54203 0 
1.53227 1.68138 0 
1.52673 1.80883 0 
1.50946 1.59346 0 
1.55218 1.64184 0 
1.58822 1.74929 0 
1.55472 1.84957 0 
1.5883 1.68258 0 
1.61927 1.71571 0 
1.80636 1.89612 0 
1.84332 1.93767 0 
1.79611 1.93767 0 
1.7694 1.81302 0 
1.80607 1.82332 0 
1.84784 1.89399 0 
1.76416 1.76934 0 
1.7967 1.80662 0 
1.72459 1.89612 0 
1.71664 1.81302 0 
1.74889 1.93767 0 
1.70168 1.93767 0 
1.85364 1.88172 0 
1.8713 1.92903 0 
1.82773 1.84167 0 
1.85754 1.87446 0 
1.64282 1.89612 0 
1.66389 1.81302 0 
1.65446 1.93767 0 
1.60725 1.93767 0 
1.89895 1.93313 0 
1.89567 1.95988 0 
1.88609 1.90531 0 
1.91365 1.93421 0 
1.5815 1.89612 0 
1.62432 1.81302 0 
1.57184 1.93767 0 
1.54823 1.93767 0 
1.94244 1.97861 0 
1.92085 1.98716 0 
1.94017 1.96149 0 
1.96586 1.98716 0 
1.61775 1.78457 0 
1.6456 1.74609 0 
1.57023 1.87074 0 
1.63782 1.73687 0 
