2.11111 2.09992 2.22222 
2.82843 2.71063 2.82843 
2.11111 2 2.09992 
2.82843 2.82843 2.71063 
2.09992 2.33333 2.22222 
2.71063 2.82843 2.82843 
2.09992 2.44444 2.33333 
2.71063 2.82843 2.82843 
2.09992 2.55556 2.44444 
2.71063 2.82843 2.82843 
2.09992 2.66667 2.55556 
2.71063 2.82843 2.82843 
2.09992 2.77778 2.66667 
2.71063 2.82843 2.82843 
2.09992 2.88889 2.77778 
2.71063 2.82843 2.82843 
2.09992 3 2.88889 
2.71063 2.82843 2.82843 
2.09992 3 3 
2.71063 2.72367 2.82843 
2.09992 3 3 
2.71063 2.61891 2.72367 
2.09992 3 3 
2.71063 2.51416 2.61891 
2.09992 3 3 
2.71063 2.4094 2.51416 
2.09992 3 3 
2.71063 2.30464 2.4094 
2.09992 3 3 
2.71063 2.19989 2.30464 
2.09992 3 3 
2.71063 2.09513 2.19989 
2.09992 3 3 
2.71063 1.99037 2.09513 
2.09992 3 3 
2.71063 1.88562 1.99037 
2.09992 2.87668 3 
2.71063 1.97856 1.88562 
2.09992 2.75667 2.87668 
2.71063 2.07415 1.97856 
2.09992 2.63986 2.75667 
2.71063 2.17252 2.07415 
2.09992 2.20239 2.63986 
2.71063 2.59639 2.17252 
2.20239 2.52613 2.63986 
2.59639 2.2738 2.17252 
2.20239 2.30751 2.52613 
2.59639 2.4856 2.2738 
2.30751 2.41538 2.52613 
2.4856 2.37811 2.2738 
1 0 1 
0.888889 0.888889 0.857143 
1 1 0 
0.888889 1 0.888889 
0 0 1 
0.888889 0.857143 0.857143 
1 0.888889 0 
1 1.11111 0.888889 
0.888889 0.857143 0 
1.11111 1.14286 0.888889 
0.857143 0 0 
1.14286 1.11111 0.888889 
0.857143 0 0 
1.14286 1.14286 1.11111 
0 0.571429 0 
1.33333 1.42857 1.42857 
0 0 0.571429 
1.33333 1.14286 1.42857 
0 0.666667 0.571429 
1.14286 1.33333 1.42857 
0 0.777778 0.666667 
1.14286 1.22222 1.33333 
0 0.857143 0.777778 
1.14286 1.14286 1.22222 
0 0.285714 0 
1.55556 1.71429 1.71429 
0 0 0.285714 
1.55556 1.42857 1.71429 
0 0.333333 0.285714 
1.42857 1.66667 1.71429 
0 0.444444 0.333333 
1.42857 1.55556 1.66667 
0 0.555556 0.444444 
1.42857 1.44444 1.55556 
0 0.571429 0.555556 
1.42857 1.42857 1.44444 
0 0.111111 -6.28037e-16 
1.77778 1.88889 2 
0 0.222222 0.111111 
1.77778 1.77778 1.88889 
0 0 0.222222 
1.77778 1.71429 1.77778 
0 0.285714 0.222222 
1.71429 1.71429 1.77778 
1.32508 1.11803 1.15944 
0 0.181818 0 
1.32508 1.49071 1.11803 
0 -1.38778e-17 0.181818 
1.11803 1.11803 1.15944 
0.181818 0 0 
1.49071 1.56526 1.11803 
-1.38778e-17 0.11769 0.181818 
1.56526 1.60752 1.11803 
0.11769 0.181818 0.181818 
1.73127 1.11803 1.72006 
0.363636 0.363636 0.347935 
1.11803 1.64169 1.72006 
0.363636 0.233657 0.347935 
1.11803 1.60752 1.64169 
0.363636 0.181818 0.233657 
1.11803 1.11803 1.60752 
0.363636 0.181818 0.181818 
1.86361 1.11803 1.80048 
0.545455 0.545455 0.460557 
1.11803 1.73127 1.80048 
0.545455 0.363636 0.460557 
1.11803 1.11803 1.73127 
0.545455 0.363636 0.363636 
2.00513 1.11803 1.96776 
0.727273 0.545455 0.680968 
2.00513 1.11803 1.11803 
0.727273 0.727273 0.545455 
1.11803 1.88302 1.96776 
0.545455 0.571557 0.680968 
1.11803 1.86361 1.88302 
0.545455 0.545455 0.571557 
2.15641 1.11803 2.1442 
0.909091 0.727273 0.895156 
2.15641 1.11803 1.11803 
0.909091 0.909091 0.727273 
1.11803 2.0548 2.1442 
0.727273 0.788823 0.895156 
1.11803 2.00513 2.0548 
0.727273 0.727273 0.788823 
2.23607 1.11803 2.23607 
1.09091 0.909091 1 
2.23607 1.11803 1.11803 
1.09091 1.09091 0.909091 
1.11803 2.15641 2.23607 
0.909091 0.909091 1 
1.5 9.25186e-18 1.30736e-32 
0 0.157135 2.22045e-16 
1.5 1.85037e-17 9.25186e-18 
0 0.31427 0.157135 
1.5 2.77556e-17 1.85037e-17 
0 0.471405 0.31427 
1.5 3.70074e-17 2.77556e-17 
0 0.628539 0.471405 
1.5 4.62593e-17 3.70074e-17 
0 0.785674 0.628539 
1.5 5.55112e-17 4.62593e-17 
0 0.942809 0.785674 
1.5 6.4763e-17 5.55112e-17 
0 1.09994 0.942809 
1.5 7.40149e-17 6.4763e-17 
0 1.25708 1.09994 
1.5 4.70263e-16 7.40149e-17 
0 1.41421 1.25708 
1.5 0.282604 4.70263e-16 
0 1.17063 1.41421 
1.5 0.582657 0.282604 
0 0.954114 1.17063 
1.5 0.900121 0.582657 
0 0.761419 0.954114 
1.5 1.23277 0.900121 
0 0.590392 0.761419 
1.5 1.5 1.23277 
0 0.473288 0.590392 
2.66667 1.57433 2.33333 
0 0.440717 0 
2.66667 1.92434 1.57433 
0 0.308887 0.440717 
1.57433 2 2.33333 
0.440717 0 0 
2.66667 2.27914 1.92434 
0 0.192929 0.308887 
1.57433 1.66667 2 
0.440717 0 0 
2.66667 2.63767 2.27914 
0 0.090762 0.192929 
1.57433 1.5 1.66667 
0.440717 0 0 
2.66667 3 2.63767 
0 0 0.090762 
1.57433 1.5 1.5 
0.440717 0.473288 0 
2.11111 2.09992 2.22222 
2.82843 2.71063 2.82843 
2.11111 2 2.09992 
2.82843 2.82843 2.71063 
2.09992 2.33333 2.22222 
2.71063 2.82843 2.82843 
2.09992 2.44444 2.33333 
2.71063 2.82843 2.82843 
2.09992 2.55556 2.44444 
2.71063 2.82843 2.82843 
2.09992 2.66667 2.55556 
2.71063 2.82843 2.82843 
2.09992 2.77778 2.66667 
2.71063 2.82843 2.82843 
2.09992 2.88889 2.77778 
2.71063 2.82843 2.82843 
2.09992 3 2.88889 
2.71063 2.82843 2.82843 
2.09992 3 3 
2.71063 2.72367 2.82843 
2.09992 3 3 
2.71063 2.61891 2.72367 
2.09992 3 3 
2.71063 2.51416 2.61891 
2.09992 3 3 
2.71063 2.4094 2.51416 
2.09992 3 3 
2.71063 2.30464 2.4094 
2.09992 3 3 
2.71063 2.19989 2.30464 
2.09992 3 3 
2.71063 2.09513 2.19989 
2.09992 3 3 
2.71063 1.99037 2.09513 
2.09992 3 3 
2.71063 1.88562 1.99037 
2.09992 2.87668 3 
2.71063 1.97856 1.88562 
2.09992 2.75667 2.87668 
2.71063 2.07415 1.97856 
2.09992 2.63986 2.75667 
2.71063 2.17252 2.07415 
2.09992 2.20239 2.63986 
2.71063 2.59639 2.17252 
2.20239 2.52613 2.63986 
2.59639 2.2738 2.17252 
2.20239 2.30751 2.52613 
2.59639 2.4856 2.2738 
2.30751 2.41538 2.52613 
2.4856 2.37811 2.2738 
1 0 1 
0.888889 0.888889 0.857143 
1 1 0 
0.888889 1 0.888889 
0 0 1 
0.888889 0.857143 0.857143 
1 0.888889 0 
1 1.11111 0.888889 
0.888889 0.857143 0 
1.11111 1.14286 0.888889 
0.857143 0 0 
1.14286 1.11111 0.888889 
0.857143 0 0 
1.14286 1.14286 1.11111 
0 0.571429 0 
1.33333 1.42857 1.42857 
0 0 0.571429 
1.33333 1.14286 1.42857 
0 0.666667 0.571429 
1.14286 1.33333 1.42857 
0 0.777778 0.666667 
1.14286 1.22222 1.33333 
0 0.857143 0.777778 
1.14286 1.14286 1.22222 
0 0.285714 0 
1.55556 1.71429 1.71429 
0 0 0.285714 
1.55556 1.42857 1.71429 
0 0.333333 0.285714 
1.42857 1.66667 1.71429 
0 0.444444 0.333333 
1.42857 1.55556 1.66667 
0 0.555556 0.444444 
1.42857 1.44444 1.55556 
0 0.571429 0.555556 
1.42857 1.42857 1.44444 
0 0.111111 -6.28037e-16 
1.77778 1.88889 2 
0 0.222222 0.111111 
1.77778 1.77778 1.88889 
0 0 0.222222 
1.77778 1.71429 1.77778 
0 0.285714 0.222222 
1.71429 1.71429 1.77778 
1.32508 1.11803 1.15944 
0 0.181818 0 
1.32508 1.49071 1.11803 
0 -1.38778e-17 0.181818 
1.11803 1.11803 1.15944 
0.181818 0 0 
1.49071 1.56526 1.11803 
-1.38778e-17 0.11769 0.181818 
1.56526 1.60752 1.11803 
0.11769 0.181818 0.181818 
1.73127 1.11803 1.72006 
0.363636 0.363636 0.347935 
1.11803 1.64169 1.72006 
0.363636 0.233657 0.347935 
1.11803 1.60752 1.64169 
0.363636 0.181818 0.233657 
1.11803 1.11803 1.60752 
0.363636 0.181818 0.181818 
1.86361 1.11803 1.80048 
0.545455 0.545455 0.460557 
1.11803 1.73127 1.80048 
0.545455 0.363636 0.460557 
1.11803 1.11803 1.73127 
0.545455 0.363636 0.363636 
2.00513 1.11803 1.96776 
0.727273 0.545455 0.680968 
2.00513 1.11803 1.11803 
0.727273 0.727273 0.545455 
1.11803 1.88302 1.96776 
0.545455 0.571557 0.680968 
1.11803 1.86361 1.88302 
0.545455 0.545455 0.571557 
2.15641 1.11803 2.1442 
0.909091 0.727273 0.895156 
2.15641 1.11803 1.11803 
0.909091 0.909091 0.727273 
1.11803 2.0548 2.1442 
0.727273 0.788823 0.895156 
1.11803 2.00513 2.0548 
0.727273 0.727273 0.788823 
2.23607 1.11803 2.23607 
1.09091 0.909091 1 
2.23607 1.11803 1.11803 
1.09091 1.09091 0.909091 
1.11803 2.15641 2.23607 
0.909091 0.909091 1 
1.5 9.25186e-18 1.30736e-32 
0 0.157135 2.22045e-16 
1.5 1.85037e-17 9.25186e-18 
0 0.31427 0.157135 
1.5 2.77556e-17 1.85037e-17 
0 0.471405 0.31427 
1.5 3.70074e-17 2.77556e-17 
0 0.628539 0.471405 
1.5 4.62593e-17 3.70074e-17 
0 0.785674 0.628539 
1.5 5.55112e-17 4.62593e-17 
0 0.942809 0.785674 
1.5 6.4763e-17 5.55112e-17 
0 1.09994 0.942809 
1.5 7.40149e-17 6.4763e-17 
0 1.25708 1.09994 
1.5 4.70263e-16 7.40149e-17 
0 1.41421 1.25708 
1.5 0.282604 4.70263e-16 
0 1.17063 1.41421 
1.5 0.582657 0.282604 
0 0.954114 1.17063 
1.5 0.900121 0.582657 
0 0.761419 0.954114 
1.5 1.23277 0.900121 
0 0.590392 0.761419 
1.5 1.5 1.23277 
0 0.473288 0.590392 
2.66667 1.57433 2.33333 
0 0.440717 0 
2.66667 1.92434 1.57433 
0 0.308887 0.440717 
1.57433 2 2.33333 
0.440717 0 0 
2.66667 2.27914 1.92434 
0 0.192929 0.308887 
1.57433 1.66667 2 
0.440717 0 0 
2.66667 2.63767 2.27914 
0 0.090762 0.192929 
1.57433 1.5 1.66667 
0.440717 0 0 
2.66667 3 2.63767 
0 0 0.090762 
1.57433 1.5 1.5 
0.440717 0.473288 0 
