0.0139222 5 0 
0.0716784 5 0 
0.167503 5 0 
0.284285 5 0 
0.395278 5 0 
0.470279 5 0 
0.508714 5 0 
0.588067 5 0 
0.717418 5 0 
0.871888 5 0 
1.0161 5 0 
1.11235 5 0 
1.16119 5 0 
1.2581 5 0 
1.40511 5 0 
1.56532 5 0 
1.70204 5 0 
1.78726 5 0 
1.82903 5 0 
1.9133 5 0 
2.04604 5 0 
2.19808 5 0 
2.3346 5 0 
2.42316 5 0 
2.46751 5 0 
2.5567 5 0 
2.69584 5 0 
2.85326 5 0 
2.99291 5 0 
3.08268 5 0 
3.12738 5 0 
3.21668 5 0 
3.35432 5 0 
3.50763 5 0 
3.64148 5 0 
3.72647 5 0 
3.76855 5 0 
3.85339 5 0 
3.98667 5 0 
4.1388 5 0 
4.27492 5 0 
4.363 5 0 
4.40701 5 0 
4.49447 5 0 
4.62798 5 0 
4.77472 5 0 
4.9011 5 0 
4.98046 5 0 
5 4.97329 0 
5 4.86706 0 
5 4.70488 0 
5 4.52661 0 
5 4.37307 0 
5 4.27665 0 
5 4.22926 0 
5 4.13518 0 
5 3.99152 0 
5 3.83354 0 
5 3.69742 0 
5 3.61191 0 
5 3.56987 0 
5 3.48632 0 
5 3.35848 0 
5 3.21749 0 
5 3.09565 0 
5 3.01892 0 
4.98046 3 0 
4.9011 3 0 
4.77472 3 0 
4.62798 3 0 
4.49447 3 0 
4.40701 3 0 
4.363 3 0 
4.27492 3 0 
4.1388 3 0 
3.98667 3 0 
3.85339 3 0 
3.76855 3 0 
3.72647 3 0 
3.64148 3 0 
3.50763 3 0 
3.35432 3 0 
3.21668 3 0 
3.12738 3 0 
3.08268 3 0 
2.99291 3 0 
2.85326 3 0 
2.69584 3 0 
2.5567 3 0 
2.46751 3 0 
2.42316 3 0 
2.3346 3 0 
2.19808 3 0 
2.04604 3 0 
1.9133 3 0 
1.82903 3 0 
1.78726 3 0 
1.70204 3 0 
1.56532 3 0 
1.40511 3 0 
1.2581 3 0 
1.16119 3 0 
1.11235 3 0 
1.0161 3 0 
0.871888 3 0 
0.717418 3 0 
0.588067 3 0 
0.508714 3 0 
0.470279 3 0 
0.395278 3 0 
0.284285 3 0 
0.167503 3 0 
0.0716784 3 0 
0.0139222 3 0 
0 3.01892 0 
0 3.09565 0 
0 3.21749 0 
0 3.35848 0 
0 3.48632 0 
0 3.56987 0 
0 3.61191 0 
0 3.69742 0 
0 3.83354 0 
0 3.99152 0 
0 4.13518 0 
0 4.22926 0 
0 4.27665 0 
0 4.37307 0 
0 4.52661 0 
0 4.70488 0 
0 4.86706 0 
0 4.97329 0 
