0.0484159 4.90164 0 
0.0571502 4.58884 0 
0.0728311 4.31509 0 
0.223813 4.8871 0 
0.239091 4.55374 0 
0.283073 4.30503 0 
0.413178 4.90122 0 
0.398638 4.60404 0 
0.431282 4.37239 0 
0.0845398 4.17198 0 
0.0997161 3.92703 0 
0.107308 3.67945 0 
0.319802 4.19412 0 
0.370296 3.9835 0 
0.400322 3.73641 0 
0.469457 4.26303 0 
0.52919 4.04725 0 
0.575986 3.78601 0 
0.10773 3.53474 0 
0.0938917 3.29403 0 
0.0605466 3.06463 0 
0.406493 3.57805 0 
0.36903 3.31511 0 
0.266714 3.06863 0 
0.59457 3.61581 0 
0.570549 3.33426 0 
0.469936 3.07247 0 
0.531807 4.92032 0 
0.488898 4.66534 0 
0.50058 4.43955 0 
0.780466 4.93662 0 
0.757154 4.71455 0 
0.767329 4.48589 0 
1.09012 4.92701 0 
1.18524 4.67698 0 
1.24597 4.42822 0 
0.530148 4.31864 0 
0.584094 4.08408 0 
0.636882 3.80927 0 
0.787302 4.34881 0 
0.824951 4.09181 0 
0.863846 3.80561 0 
1.26596 4.28323 0 
1.28111 4.02145 0 
1.27301 3.74194 0 
0.664181 3.63339 0 
0.66114 3.34336 0 
0.588674 3.07434 0 
0.884656 3.62786 0 
0.880677 3.33796 0 
0.821249 3.07261 0 
1.25678 3.57313 0 
1.19661 3.30348 0 
1.09387 3.06401 0 
1.29339 4.91144 0 
1.49422 4.62178 0 
1.60398 4.35487 0 
1.60564 4.89742 0 
1.91867 4.57063 0 
2.07961 4.2837 0 
1.86019 4.90373 0 
2.17868 4.58908 0 
2.33954 4.29947 0 
1.62777 4.20858 0 
1.62787 3.95109 0 
1.58042 3.68276 0 
2.10671 4.13346 0 
2.09132 3.87938 0 
2.00509 3.62697 0 
2.36448 4.14203 0 
2.34867 3.88409 0 
2.26714 3.64115 0 
1.5314 3.5235 0 
1.41782 3.27326 0 
1.26816 3.05669 0 
1.92385 3.48197 0 
1.75468 3.2533 0 
1.5515 3.05297 0 
2.19035 3.50632 0 
2.02161 3.28079 0 
1.80833 3.06227 0 
1.98463 4.91501 0 
2.26201 4.62602 0 
2.40138 4.34177 0 
2.20113 4.92068 0 
2.40558 4.64547 0 
2.50428 4.3662 0 
2.42725 4.90519 0 
2.56636 4.59658 0 
2.62438 4.31465 0 
2.42264 4.17927 0 
2.41256 3.91657 0 
2.35155 3.67638 0 
2.51647 4.20304 0 
2.51186 3.94065 0 
2.48238 3.70368 0 
2.62421 4.16232 0 
2.61746 3.9128 0 
2.60991 3.67761 0 
2.29241 3.54554 0 
2.14728 3.31449 0 
1.94675 3.07248 0 
2.45202 3.57538 0 
2.35055 3.33964 0 
2.18297 3.08003 0 
2.60245 3.54628 0 
2.54328 3.31438 0 
2.41962 3.07234 0 
2.56335 4.88854 0 
2.66926 4.54343 0 
2.70526 4.25705 0 
2.80638 4.87898 0 
2.88339 4.51265 0 
2.91 4.22308 0 
3.0612 4.89807 0 
3.14776 4.5731 0 
3.20456 4.28733 0 
2.69745 4.11504 0 
2.68649 3.87729 0 
2.68603 3.64229 0 
2.90434 4.08642 0 
2.8893 3.85324 0 
2.87201 3.61459 0 
3.22265 4.13757 0 
3.20874 3.88592 0 
3.13518 3.63819 0 
2.68775 3.50701 0 
2.65082 3.28053 0 
2.55727 3.06207 0 
2.86046 3.47446 0 
2.83122 3.25123 0 
2.78916 3.05299 0 
3.07049 3.49648 0 
3.00661 3.26723 0 
3.0146 3.05741 0 
3.21437 4.92005 0 
3.32238 4.64299 0 
3.41179 4.36237 0 
3.47743 4.94103 0 
3.62208 4.71164 0 
3.74501 4.44085 0 
3.73914 4.93574 0 
3.91621 4.69942 0 
4.03728 4.43912 0 
3.45146 4.19825 0 
3.44026 3.92753 0 
3.32045 3.67287 0 
3.80138 4.26706 0 
3.79338 3.98423 0 
3.64158 3.72757 0 
4.07984 4.27843 0 
4.0725 4.01459 0 
3.95881 3.77026 0 
3.21098 3.53167 0 
3.11096 3.29516 0 
3.14456 3.06553 0 
3.50007 3.58851 0 
3.3642 3.34103 0 
3.39229 3.07899 0 
3.85177 3.63478 0 
3.7209 3.37935 0 
3.67466 3.09038 0 
3.89017 4.92243 0 
4.08244 4.66078 0 
4.18766 4.40679 0 
4.13735 4.91034 0 
4.32325 4.62724 0 
4.3988 4.38291 0 
4.36751 4.91593 0 
4.50221 4.64762 0 
4.54828 4.41123 0 
4.21014 4.26254 0 
4.20226 4.02154 0 
4.13844 3.78932 0 
4.3969 4.25656 0 
4.39022 4.03647 0 
4.38992 3.80826 0 
4.53921 4.2861 0 
4.53695 4.05822 0 
4.56219 3.80918 0 
4.07776 3.65603 0 
3.96674 3.39712 0 
3.85196 3.0957 0 
4.38809 3.67034 0 
4.31198 3.40379 0 
4.13363 3.09689 0 
4.5835 3.65481 0 
4.53929 3.378 0 
4.37976 3.08723 0 
4.49447 4.92581 0 
4.58205 4.67934 0 
4.61154 4.44603 0 
4.71336 4.93111 0 
4.74094 4.69222 0 
4.75016 4.45005 0 
4.93499 4.91836 0 
4.9363 4.64171 0 
4.93671 4.37111 0 
4.60537 4.31464 0 
4.60681 4.07089 0 
4.63086 3.80079 0 
4.74837 4.30681 0 
4.75259 4.04489 0 
4.76884 3.76132 0 
4.93669 4.21623 0 
4.93841 3.95171 0 
4.94268 3.68881 0 
4.6506 3.63301 0 
4.62318 3.35012 0 
4.50805 3.07743 0 
4.78154 3.58852 0 
4.77397 3.31194 0 
4.72426 3.06587 0 
4.9459 3.53728 0 
4.94597 3.29059 0 
4.93818 3.06276 0 
